0 0.124324
1 0.119836
2 0.116199
3 0.113258
4 0.110881
5 0.108955
6 0.107392
7 0.106119
8 0.105077
9 0.104222
10 0.103517
11 0.102934
12 0.102449
13 0.102044
14 0.101704
15 0.101419
16 0.101178
17 0.100974
18 0.100800
19 0.100652
20 0.100525
21 0.100416
22 0.100322
23 0.100240
24 0.100170
25 0.100108
26 0.100054
27 0.100007
28 0.099965
29 0.099929
30 0.099896
31 0.099867
32 0.099841
33 0.099817
34 0.099796
35 0.099777
36 0.099759
37 0.099743
38 0.099729
39 0.099715
40 0.099702
41 0.099691
42 0.099680
43 0.099669
44 0.099659
45 0.099650
46 0.099641
47 0.099633
48 0.099624
49 0.099617
50 0.099609
51 0.099602
52 0.099595
53 0.099588
54 0.099581
55 0.099574
56 0.099568
57 0.099561
58 0.099555
59 0.099549
60 0.099543
61 0.099536
62 0.099530
63 0.099524
64 0.099519
65 0.099513
66 0.099507
67 0.099501
68 0.099495
69 0.099490
70 0.099484
71 0.099478
72 0.099473
73 0.099467
74 0.099462
75 0.099456
76 0.099450
77 0.099445
78 0.099439
79 0.099434
80 0.099428
81 0.099423
82 0.099417
83 0.099412
84 0.099406
85 0.099400
86 0.099395
87 0.099389
88 0.099384
89 0.099378
90 0.099373
91 0.099367
92 0.099362
93 0.099356
94 0.099351
95 0.099345
96 0.099339
97 0.099334
98 0.099328
99 0.099323
100 0.099317
101 0.099312
102 0.099306
103 0.099300
104 0.099295
105 0.099289
106 0.099283
107 0.099278
108 0.099272
109 0.099267
110 0.099261
111 0.099255
112 0.099249
113 0.099244
114 0.099238
115 0.099232
116 0.099227
117 0.099221
118 0.099215
119 0.099209
120 0.099204
121 0.099198
122 0.099192
123 0.099186
124 0.099180
125 0.099174
126 0.099169
127 0.099163
128 0.099157
129 0.099151
130 0.099145
131 0.099139
132 0.099133
133 0.099127
134 0.099121
135 0.099115
136 0.099109
137 0.099103
138 0.099097
139 0.099091
140 0.099085
141 0.099079
142 0.099073
143 0.099067
144 0.099060
145 0.099054
146 0.099048
147 0.099042
148 0.099036
149 0.099030
150 0.099023
151 0.099017
152 0.099011
153 0.099004
154 0.098998
155 0.098992
156 0.098986
157 0.098979
158 0.098973
159 0.098966
160 0.098960
161 0.098953
162 0.098947
163 0.098941
164 0.098934
165 0.098928
166 0.098921
167 0.098914
168 0.098908
169 0.098901
170 0.098895
171 0.098888
172 0.098881
173 0.098875
174 0.098868
175 0.098861
176 0.098854
177 0.098848
178 0.098841
179 0.098834
180 0.098827
181 0.098820
182 0.098814
183 0.098807
184 0.098800
185 0.098793
186 0.098786
187 0.098779
188 0.098772
189 0.098765
190 0.098758
191 0.098751
192 0.098743
193 0.098736
194 0.098729
195 0.098722
196 0.098715
197 0.098708
198 0.098700
199 0.098693
200 0.098686
201 0.098678
202 0.098671
203 0.098664
204 0.098656
205 0.098649
206 0.098641
207 0.098634
208 0.098626
209 0.098619
210 0.098611
211 0.098604
212 0.098596
213 0.098588
214 0.098581
215 0.098573
216 0.098565
217 0.098557
218 0.098550
219 0.098542
220 0.098534
221 0.098526
222 0.098518
223 0.098510
224 0.098502
225 0.098494
226 0.098486
227 0.098478
228 0.098470
229 0.098462
230 0.098454
231 0.098446
232 0.098438
233 0.098429
234 0.098421
235 0.098413
236 0.098405
237 0.098396
238 0.098388
239 0.098380
240 0.098371
241 0.098363
242 0.098354
243 0.098346
244 0.098337
245 0.098328
246 0.098320
247 0.098311
248 0.098302
249 0.098294
250 0.098285
251 0.098276
252 0.098267
253 0.098259
254 0.098250
255 0.098241
256 0.098232
257 0.098223
258 0.098214
259 0.098205
260 0.098196
261 0.098187
262 0.098177
263 0.098168
264 0.098159
265 0.098150
266 0.098140
267 0.098131
268 0.098122
269 0.098112
270 0.098103
271 0.098093
272 0.098084
273 0.098074
274 0.098065
275 0.098055
276 0.098046
277 0.098036
278 0.098026
279 0.098016
280 0.098007
281 0.097997
282 0.097987
283 0.097977
284 0.097967
285 0.097957
286 0.097947
287 0.097937
288 0.097927
289 0.097917
290 0.097907
291 0.097896
292 0.097886
293 0.097876
294 0.097866
295 0.097855
296 0.097845
297 0.097834
298 0.097824
299 0.097813
300 0.097803
301 0.097792
302 0.097781
303 0.097771
304 0.097760
305 0.097749
306 0.097738
307 0.097728
308 0.097717
309 0.097706
310 0.097695
311 0.097684
312 0.097673
313 0.097661
314 0.097650
315 0.097639
316 0.097628
317 0.097617
318 0.097605
319 0.097594
320 0.097582
321 0.097571
322 0.097559
323 0.097548
324 0.097536
325 0.097525
326 0.097513
327 0.097501
328 0.097489
329 0.097478
330 0.097466
331 0.097454
332 0.097442
333 0.097430
334 0.097418
335 0.097406
336 0.097394
337 0.097381
338 0.097369
339 0.097357
340 0.097345
341 0.097332
342 0.097320
343 0.097307
344 0.097295
345 0.097282
346 0.097269
347 0.097257
348 0.097244
349 0.097231
350 0.097218
351 0.097206
352 0.097193
353 0.097180
354 0.097167
355 0.097154
356 0.097140
357 0.097127
358 0.097114
359 0.097101
360 0.097087
361 0.097074
362 0.097061
363 0.097047
364 0.097034
365 0.097020
366 0.097006
367 0.096993
368 0.096979
369 0.096965
370 0.096951
371 0.096937
372 0.096923
373 0.096909
374 0.096895
375 0.096881
376 0.096867
377 0.096853
378 0.096838
379 0.096824
380 0.096809
381 0.096795
382 0.096780
383 0.096766
384 0.096751
385 0.096737
386 0.096722
387 0.096707
388 0.096692
389 0.096677
390 0.096662
391 0.096647
392 0.096632
393 0.096617
394 0.096602
395 0.096586
396 0.096571
397 0.096556
398 0.096540
399 0.096525
400 0.096509
401 0.096493
402 0.096478
403 0.096462
404 0.096446
405 0.096430
406 0.096414
407 0.096398
408 0.096382
409 0.096366
410 0.096350
411 0.096333
412 0.096317
413 0.096300
414 0.096284
415 0.096267
416 0.096251
417 0.096234
418 0.096217
419 0.096201
420 0.096184
421 0.096167
422 0.096150
423 0.096133
424 0.096116
425 0.096098
426 0.096081
427 0.096064
428 0.096046
429 0.096029
430 0.096011
431 0.095994
432 0.095976
433 0.095958
434 0.095940
435 0.095922
436 0.095904
437 0.095886
438 0.095868
439 0.095850
440 0.095832
441 0.095813
442 0.095795
443 0.095777
444 0.095758
445 0.095739
446 0.095721
447 0.095702
448 0.095683
449 0.095664
450 0.095645
451 0.095626
452 0.095607
453 0.095588
454 0.095568
455 0.095549
456 0.095529
457 0.095510
458 0.095490
459 0.095471
460 0.095451
461 0.095431
462 0.095411
463 0.095391
464 0.095371
465 0.095351
466 0.095330
467 0.095310
468 0.095290
469 0.095269
470 0.095248
471 0.095228
472 0.095207
473 0.095186
474 0.095165
475 0.095144
476 0.095123
477 0.095102
478 0.095081
479 0.095059
480 0.095038
481 0.095016
482 0.094995
483 0.094973
484 0.094951
485 0.094929
486 0.094907
487 0.094885
488 0.094863
489 0.094841
490 0.094819
491 0.094796
492 0.094774
493 0.094751
494 0.094729
495 0.094706
496 0.094683
497 0.094660
498 0.094637
499 0.094614
500 0.094590
501 0.094567
502 0.094544
503 0.094520
504 0.094497
505 0.094473
506 0.094449
507 0.094425
508 0.094401
509 0.094377
510 0.094353
511 0.094329
512 0.094304
513 0.094280
514 0.094255
515 0.094230
516 0.094206
517 0.094181
518 0.094156
519 0.094131
520 0.094106
521 0.094080
522 0.094055
523 0.094029
524 0.094004
525 0.093978
526 0.093952
527 0.093926
528 0.093900
529 0.093874
530 0.093848
531 0.093822
532 0.093795
533 0.093769
534 0.093742
535 0.093715
536 0.093688
537 0.093661
538 0.093634
539 0.093607
540 0.093580
541 0.093552
542 0.093525
543 0.093497
544 0.093469
545 0.093441
546 0.093413
547 0.093385
548 0.093357
549 0.093329
550 0.093300
551 0.093272
552 0.093243
553 0.093214
554 0.093185
555 0.093156
556 0.093127
557 0.093098
558 0.093069
559 0.093039
560 0.093010
561 0.092980
562 0.092950
563 0.092920
564 0.092890
565 0.092860
566 0.092829
567 0.092799
568 0.092768
569 0.092738
570 0.092707
571 0.092676
572 0.092645
573 0.092614
574 0.092582
575 0.092551
576 0.092519
577 0.092487
578 0.092456
579 0.092424
580 0.092392
581 0.092359
582 0.092327
583 0.092295
584 0.092262
585 0.092229
586 0.092196
587 0.092163
588 0.092130
589 0.092097
590 0.092064
591 0.092030
592 0.091996
593 0.091963
594 0.091929
595 0.091895
596 0.091860
597 0.091826
598 0.091792
599 0.091757
600 0.091722
601 0.091687
602 0.091652
603 0.091617
604 0.091582
605 0.091547
606 0.091511
607 0.091475
608 0.091440
609 0.091404
610 0.091367
611 0.091331
612 0.091295
613 0.091258
614 0.091222
615 0.091185
616 0.091148
617 0.091111
618 0.091073
619 0.091036
620 0.090998
621 0.090961
622 0.090923
623 0.090885
624 0.090847
625 0.090808
626 0.090770
627 0.090731
628 0.090693
629 0.090654
630 0.090615
631 0.090576
632 0.090536
633 0.090497
634 0.090457
635 0.090418
636 0.090378
637 0.090338
638 0.090297
639 0.090257
640 0.090217
641 0.090176
642 0.090135
643 0.090094
644 0.090053
645 0.090012
646 0.089970
647 0.089929
648 0.089887
649 0.089845
650 0.089803
651 0.089761
652 0.089718
653 0.089676
654 0.089633
655 0.089590
656 0.089548
657 0.089504
658 0.089461
659 0.089418
660 0.089374
661 0.089330
662 0.089286
663 0.089242
664 0.089198
665 0.089154
666 0.089109
667 0.089064
668 0.089020
669 0.088975
670 0.088929
671 0.088884
672 0.088839
673 0.088793
674 0.088747
675 0.088701
676 0.088655
677 0.088609
678 0.088562
679 0.088516
680 0.088469
681 0.088422
682 0.088375
683 0.088328
684 0.088280
685 0.088233
686 0.088185
687 0.088137
688 0.088089
689 0.088041
690 0.087993
691 0.087944
692 0.087895
693 0.087846
694 0.087797
695 0.087748
696 0.087699
697 0.087649
698 0.087600
699 0.087550
700 0.087500
701 0.087450
702 0.087400
703 0.087349
704 0.087299
705 0.087248
706 0.087197
707 0.087146
708 0.087095
709 0.087043
710 0.086992
711 0.086940
712 0.086888
713 0.086836
714 0.086784
715 0.086731
716 0.086679
717 0.086626
718 0.086573
719 0.086520
720 0.086467
721 0.086414
722 0.086360
723 0.086307
724 0.086253
725 0.086199
726 0.086145
727 0.086091
728 0.086036
729 0.085982
730 0.085927
731 0.085872
732 0.085817
733 0.085762
734 0.085707
735 0.085651
736 0.085596
737 0.085540
738 0.085484
739 0.085428
740 0.085372
741 0.085315
742 0.085259
743 0.085202
744 0.085145
745 0.085088
746 0.085031
747 0.084974
748 0.084917
749 0.084859
750 0.084801
751 0.084743
752 0.084685
753 0.084627
754 0.084569
755 0.084511
756 0.084452
757 0.084393
758 0.084334
759 0.084275
760 0.084216
761 0.084157
762 0.084098
763 0.084038
764 0.083978
765 0.083918
766 0.083858
767 0.083798
768 0.083738
769 0.083678
770 0.083617
771 0.083557
772 0.083496
773 0.083435
774 0.083374
775 0.083313
776 0.083251
777 0.083190
778 0.083128
779 0.083067
780 0.083005
781 0.082943
782 0.082881
783 0.082819
784 0.082756
785 0.082694
786 0.082631
787 0.082569
788 0.082506
789 0.082443
790 0.082380
791 0.082317
792 0.082253
793 0.082190
794 0.082126
795 0.082063
796 0.081999
797 0.081935
798 0.081871
799 0.081807
800 0.081743
801 0.081679
802 0.081614
803 0.081550
804 0.081485
805 0.081420
806 0.081356
807 0.081291
808 0.081226
809 0.081160
810 0.081095
811 0.081030
812 0.080964
813 0.080899
814 0.080833
815 0.080768
816 0.080702
817 0.080636
818 0.080570
819 0.080504
820 0.080438
821 0.080371
822 0.080305
823 0.080238
824 0.080172
825 0.080105
826 0.080039
827 0.079972
828 0.079905
829 0.079838
830 0.079771
831 0.079704
832 0.079637
833 0.079569
834 0.079502
835 0.079435
836 0.079367
837 0.079300
838 0.079232
839 0.079164
840 0.079097
841 0.079029
842 0.078961
843 0.078893
844 0.078825
845 0.078757
846 0.078689
847 0.078621
848 0.078552
849 0.078484
850 0.078416
851 0.078347
852 0.078279
853 0.078210
854 0.078142
855 0.078073
856 0.078004
857 0.077935
858 0.077867
859 0.077798
860 0.077729
861 0.077660
862 0.077591
863 0.077522
864 0.077453
865 0.077384
866 0.077315
867 0.077246
868 0.077176
869 0.077107
870 0.077038
871 0.076968
872 0.076899
873 0.076830
874 0.076760
875 0.076691
876 0.076622
877 0.076552
878 0.076483
879 0.076413
880 0.076343
881 0.076274
882 0.076204
883 0.076135
884 0.076065
885 0.075995
886 0.075926
887 0.075856
888 0.075786
889 0.075717
890 0.075647
891 0.075577
892 0.075507
893 0.075438
894 0.075368
895 0.075298
896 0.075228
897 0.075159
898 0.075089
899 0.075019
900 0.074949
901 0.074880
902 0.074810
903 0.074740
904 0.074670
905 0.074601
906 0.074531
907 0.074461
908 0.074391
909 0.074322
910 0.074252
911 0.074182
912 0.074113
913 0.074043
914 0.073973
915 0.073904
916 0.073834
917 0.073764
918 0.073695
919 0.073625
920 0.073556
921 0.073486
922 0.073417
923 0.073347
924 0.073278
925 0.073208
926 0.073139
927 0.073069
928 0.073000
929 0.072931
930 0.072861
931 0.072792
932 0.072723
933 0.072654
934 0.072584
935 0.072515
936 0.072446
937 0.072377
938 0.072308
939 0.072239
940 0.072170
941 0.072101
942 0.072032
943 0.071964
944 0.071895
945 0.071826
946 0.071757
947 0.071689
948 0.071620
949 0.071551
950 0.071483
951 0.071414
952 0.071346
953 0.071278
954 0.071209
955 0.071141
956 0.071073
957 0.071005
958 0.070937
959 0.070868
960 0.070800
961 0.070732
962 0.070665
963 0.070597
964 0.070529
965 0.070461
966 0.070394
967 0.070326
968 0.070258
969 0.070191
970 0.070124
971 0.070056
972 0.069989
973 0.069922
974 0.069854
975 0.069787
976 0.069720
977 0.069653
978 0.069586
979 0.069520
980 0.069453
981 0.069386
982 0.069319
983 0.069253
984 0.069186
985 0.069120
986 0.069054
987 0.068987
988 0.068921
989 0.068855
990 0.068789
991 0.068723
992 0.068657
993 0.068591
994 0.068525
995 0.068460
996 0.068394
997 0.068328
998 0.068263
999 0.068197
1000 0.068132
1001 0.068067
1002 0.068002
1003 0.067937
1004 0.067872
1005 0.067807
1006 0.067742
1007 0.067677
1008 0.067612
1009 0.067548
1010 0.067483
1011 0.067419
1012 0.067355
1013 0.067290
1014 0.067226
1015 0.067162
1016 0.067098
1017 0.067034
1018 0.066970
1019 0.066906
1020 0.066843
1021 0.066779
1022 0.066716
1023 0.066652
1024 0.066589
1025 0.066526
1026 0.066462
1027 0.066399
1028 0.066336
1029 0.066273
1030 0.066211
1031 0.066148
1032 0.066085
1033 0.066023
1034 0.065960
1035 0.065898
1036 0.065836
1037 0.065773
1038 0.065711
1039 0.065649
1040 0.065587
1041 0.065525
1042 0.065464
1043 0.065402
1044 0.065340
1045 0.065279
1046 0.065218
1047 0.065156
1048 0.065095
1049 0.065034
1050 0.064973
1051 0.064912
1052 0.064851
1053 0.064790
1054 0.064730
1055 0.064669
1056 0.064609
1057 0.064548
1058 0.064488
1059 0.064428
1060 0.064368
1061 0.064308
1062 0.064248
1063 0.064188
1064 0.064128
1065 0.064069
1066 0.064009
1067 0.063950
1068 0.063890
1069 0.063831
1070 0.063772
1071 0.063713
1072 0.063654
1073 0.063595
1074 0.063536
1075 0.063478
1076 0.063419
1077 0.063361
1078 0.063302
1079 0.063244
1080 0.063186
1081 0.063127
1082 0.063069
1083 0.063011
1084 0.062954
1085 0.062896
1086 0.062838
1087 0.062781
1088 0.062723
1089 0.062666
1090 0.062608
1091 0.062551
1092 0.062494
1093 0.062437
1094 0.062380
1095 0.062323
1096 0.062267
1097 0.062210
1098 0.062153
1099 0.062097
1100 0.062041
1101 0.061984
1102 0.061928
1103 0.061872
1104 0.061816
1105 0.061760
1106 0.061704
1107 0.061649
1108 0.061593
1109 0.061537
1110 0.061482
1111 0.061427
1112 0.061371
1113 0.061316
1114 0.061261
1115 0.061206
1116 0.061151
1117 0.061096
1118 0.061042
1119 0.060987
1120 0.060933
1121 0.060878
1122 0.060824
1123 0.060770
1124 0.060715
1125 0.060661
1126 0.060607
1127 0.060553
1128 0.060500
1129 0.060446
1130 0.060392
1131 0.060339
1132 0.060285
1133 0.060232
1134 0.060179
1135 0.060126
1136 0.060072
1137 0.060019
1138 0.059967
1139 0.059914
1140 0.059861
1141 0.059808
1142 0.059756
1143 0.059703
1144 0.059651
1145 0.059599
1146 0.059546
1147 0.059494
1148 0.059442
1149 0.059390
1150 0.059338
1151 0.059287
1152 0.059235
1153 0.059183
1154 0.059132
1155 0.059080
1156 0.059029
1157 0.058978
1158 0.058926
1159 0.058875
1160 0.058824
1161 0.058773
1162 0.058723
1163 0.058672
1164 0.058621
1165 0.058571
1166 0.058520
1167 0.058470
1168 0.058419
1169 0.058369
1170 0.058319
1171 0.058269
1172 0.058219
1173 0.058169
1174 0.058119
1175 0.058069
1176 0.058019
1177 0.057970
1178 0.057920
1179 0.057871
1180 0.057821
1181 0.057772
1182 0.057723
1183 0.057674
1184 0.057625
1185 0.057576
1186 0.057527
1187 0.057478
1188 0.057429
1189 0.057380
1190 0.057332
1191 0.057283
1192 0.057235
1193 0.057187
1194 0.057138
1195 0.057090
1196 0.057042
1197 0.056994
1198 0.056946
1199 0.056898
1200 0.056850
1201 0.056802
1202 0.056755
1203 0.056707
1204 0.056660
1205 0.056612
1206 0.056565
1207 0.056518
1208 0.056470
1209 0.056423
1210 0.056376
1211 0.056329
1212 0.056282
1213 0.056235
1214 0.056189
1215 0.056142
1216 0.056095
1217 0.056049
1218 0.056002
1219 0.055956
1220 0.055909
1221 0.055863
1222 0.055817
1223 0.055771
1224 0.055725
1225 0.055679
1226 0.055633
1227 0.055587
1228 0.055541
1229 0.055495
1230 0.055449
1231 0.055404
1232 0.055358
1233 0.055313
1234 0.055268
1235 0.055222
1236 0.055177
1237 0.055132
1238 0.055087
1239 0.055042
1240 0.054997
1241 0.054952
1242 0.054907
1243 0.054862
1244 0.054817
1245 0.054773
1246 0.054728
1247 0.054683
1248 0.054639
1249 0.054595
1250 0.054550
1251 0.054506
1252 0.054462
1253 0.054418
1254 0.054373
1255 0.054329
1256 0.054285
1257 0.054242
1258 0.054198
1259 0.054154
1260 0.054110
1261 0.054067
1262 0.054023
1263 0.053979
1264 0.053936
1265 0.053893
1266 0.053849
1267 0.053806
1268 0.053763
1269 0.053719
1270 0.053676
1271 0.053633
1272 0.053590
1273 0.053547
1274 0.053504
1275 0.053462
1276 0.053419
1277 0.053376
1278 0.053334
1279 0.053291
1280 0.053248
1281 0.053206
1282 0.053163
1283 0.053121
1284 0.053079
1285 0.053037
1286 0.052994
1287 0.052952
1288 0.052910
1289 0.052868
1290 0.052826
1291 0.052784
1292 0.052742
1293 0.052700
1294 0.052659
1295 0.052617
1296 0.052575
1297 0.052534
1298 0.052492
1299 0.052451
1300 0.052409
1301 0.052368
1302 0.052326
1303 0.052285
1304 0.052244
1305 0.052203
1306 0.052162
1307 0.052120
1308 0.052079
1309 0.052038
1310 0.051998
1311 0.051957
1312 0.051916
1313 0.051875
1314 0.051834
1315 0.051794
1316 0.051753
1317 0.051712
1318 0.051672
1319 0.051631
1320 0.051591
1321 0.051550
1322 0.051510
1323 0.051470
1324 0.051430
1325 0.051389
1326 0.051349
1327 0.051309
1328 0.051269
1329 0.051229
1330 0.051189
1331 0.051149
1332 0.051109
1333 0.051069
1334 0.051030
1335 0.050990
1336 0.050950
1337 0.050911
1338 0.050871
1339 0.050831
1340 0.050792
1341 0.050752
1342 0.050713
1343 0.050674
1344 0.050634
1345 0.050595
1346 0.050556
1347 0.050516
1348 0.050477
1349 0.050438
1350 0.050399
1351 0.050360
1352 0.050321
1353 0.050282
1354 0.050243
1355 0.050204
1356 0.050165
1357 0.050127
1358 0.050088
1359 0.050049
1360 0.050010
1361 0.049972
1362 0.049933
1363 0.049895
1364 0.049856
1365 0.049818
1366 0.049779
1367 0.049741
1368 0.049702
1369 0.049664
1370 0.049626
1371 0.049588
1372 0.049549
1373 0.049511
1374 0.049473
1375 0.049435
1376 0.049397
1377 0.049359
1378 0.049321
1379 0.049283
1380 0.049245
1381 0.049207
1382 0.049170
1383 0.049132
1384 0.049094
1385 0.049056
1386 0.049019
1387 0.048981
1388 0.048943
1389 0.048906
1390 0.048868
1391 0.048831
1392 0.048793
1393 0.048756
1394 0.048719
1395 0.048681
1396 0.048644
1397 0.048607
1398 0.048569
1399 0.048532
1400 0.048495
1401 0.048458
1402 0.048421
1403 0.048384
1404 0.048346
1405 0.048309
1406 0.048272
1407 0.048236
1408 0.048199
1409 0.048162
1410 0.048125
1411 0.048088
1412 0.048051
1413 0.048015
1414 0.047978
1415 0.047941
1416 0.047904
1417 0.047868
1418 0.047831
1419 0.047795
1420 0.047758
1421 0.047722
1422 0.047685
1423 0.047649
1424 0.047612
1425 0.047576
1426 0.047540
1427 0.047503
1428 0.047467
1429 0.047431
1430 0.047395
1431 0.047358
1432 0.047322
1433 0.047286
1434 0.047250
1435 0.047214
1436 0.047178
1437 0.047142
1438 0.047106
1439 0.047070
1440 0.047034
1441 0.046998
1442 0.046962
1443 0.046926
1444 0.046891
1445 0.046855
1446 0.046819
1447 0.046783
1448 0.046748
1449 0.046712
1450 0.046676
1451 0.046641
1452 0.046605
1453 0.046570
1454 0.046534
1455 0.046499
1456 0.046463
1457 0.046428
1458 0.046392
1459 0.046357
1460 0.046322
1461 0.046286
1462 0.046251
1463 0.046216
1464 0.046180
1465 0.046145
1466 0.046110
1467 0.046075
1468 0.046040
1469 0.046004
1470 0.045969
1471 0.045934
1472 0.045899
1473 0.045864
1474 0.045829
1475 0.045794
1476 0.045759
1477 0.045724
1478 0.045689
1479 0.045655
1480 0.045620
1481 0.045585
1482 0.045550
1483 0.045515
1484 0.045481
1485 0.045446
1486 0.045411
1487 0.045377
1488 0.045342
1489 0.045307
1490 0.045273
1491 0.045238
1492 0.045204
1493 0.045169
1494 0.045134
1495 0.045100
1496 0.045066
1497 0.045031
1498 0.044997
1499 0.044962
1500 0.044928
1501 0.044894
1502 0.044859
1503 0.044825
1504 0.044791
1505 0.044757
1506 0.044722
1507 0.044688
1508 0.044654
1509 0.044620
1510 0.044586
1511 0.044552
1512 0.044518
1513 0.044483
1514 0.044449
1515 0.044415
1516 0.044381
1517 0.044347
1518 0.044314
1519 0.044280
1520 0.044246
1521 0.044212
1522 0.044178
1523 0.044144
1524 0.044110
1525 0.044077
1526 0.044043
1527 0.044009
1528 0.043975
1529 0.043942
1530 0.043908
1531 0.043874
1532 0.043841
1533 0.043807
1534 0.043774
1535 0.043740
1536 0.043706
1537 0.043673
1538 0.043639
1539 0.043606
1540 0.043573
1541 0.043539
1542 0.043506
1543 0.043472
1544 0.043439
1545 0.043406
1546 0.043372
1547 0.043339
1548 0.043306
1549 0.043272
1550 0.043239
1551 0.043206
1552 0.043173
1553 0.043140
1554 0.043106
1555 0.043073
1556 0.043040
1557 0.043007
1558 0.042974
1559 0.042941
1560 0.042908
1561 0.042875
1562 0.042842
1563 0.042809
1564 0.042776
1565 0.042743
1566 0.042710
1567 0.042677
1568 0.042644
1569 0.042612
1570 0.042579
1571 0.042546
1572 0.042513
1573 0.042480
1574 0.042448
1575 0.042415
1576 0.042382
1577 0.042350
1578 0.042317
1579 0.042284
1580 0.042252
1581 0.042219
1582 0.042186
1583 0.042154
1584 0.042121
1585 0.042089
1586 0.042056
1587 0.042024
1588 0.041991
1589 0.041959
1590 0.041927
1591 0.041894
1592 0.041862
1593 0.041830
1594 0.041797
1595 0.041765
1596 0.041733
1597 0.041700
1598 0.041668
1599 0.041636
1600 0.041604
1601 0.041571
1602 0.041539
1603 0.041507
1604 0.041475
1605 0.041443
1606 0.041411
1607 0.041379
1608 0.041347
1609 0.041315
1610 0.041283
1611 0.041251
1612 0.041219
1613 0.041187
1614 0.041155
1615 0.041123
1616 0.041091
1617 0.041059
1618 0.041027
1619 0.040996
1620 0.040964
1621 0.040932
1622 0.040900
1623 0.040868
1624 0.040837
1625 0.040805
1626 0.040773
1627 0.040742
1628 0.040710
1629 0.040678
1630 0.040647
1631 0.040615
1632 0.040584
1633 0.040552
1634 0.040521
1635 0.040489
1636 0.040458
1637 0.040426
1638 0.040395
1639 0.040363
1640 0.040332
1641 0.040301
1642 0.040269
1643 0.040238
1644 0.040207
1645 0.040175
1646 0.040144
1647 0.040113
1648 0.040081
1649 0.040050
1650 0.040019
1651 0.039988
1652 0.039957
1653 0.039926
1654 0.039895
1655 0.039863
1656 0.039832
1657 0.039801
1658 0.039770
1659 0.039739
1660 0.039708
1661 0.039677
1662 0.039646
1663 0.039615
1664 0.039585
1665 0.039554
1666 0.039523
1667 0.039492
1668 0.039461
1669 0.039430
1670 0.039400
1671 0.039369
1672 0.039338
1673 0.039307
1674 0.039277
1675 0.039246
1676 0.039215
1677 0.039185
1678 0.039154
1679 0.039123
1680 0.039093
1681 0.039062
1682 0.039032
1683 0.039001
1684 0.038971
1685 0.038940
1686 0.038910
1687 0.038879
1688 0.038849
1689 0.038819
1690 0.038788
1691 0.038758
1692 0.038728
1693 0.038697
1694 0.038667
1695 0.038637
1696 0.038606
1697 0.038576
1698 0.038546
1699 0.038516
1700 0.038486
1701 0.038456
1702 0.038425
1703 0.038395
1704 0.038365
1705 0.038335
1706 0.038305
1707 0.038275
1708 0.038245
1709 0.038215
1710 0.038185
1711 0.038155
1712 0.038125
1713 0.038096
1714 0.038066
1715 0.038036
1716 0.038006
1717 0.037976
1718 0.037946
1719 0.037917
1720 0.037887
1721 0.037857
1722 0.037828
1723 0.037798
1724 0.037768
1725 0.037739
1726 0.037709
1727 0.037679
1728 0.037650
1729 0.037620
1730 0.037591
1731 0.037561
1732 0.037532
1733 0.037502
1734 0.037473
1735 0.037444
1736 0.037414
1737 0.037385
1738 0.037356
1739 0.037326
1740 0.037297
1741 0.037268
1742 0.037238
1743 0.037209
1744 0.037180
1745 0.037151
1746 0.037122
1747 0.037092
1748 0.037063
1749 0.037034
1750 0.037005
1751 0.036976
1752 0.036947
1753 0.036918
1754 0.036889
1755 0.036860
1756 0.036831
1757 0.036802
1758 0.036773
1759 0.036744
1760 0.036716
1761 0.036687
1762 0.036658
1763 0.036629
1764 0.036600
1765 0.036572
1766 0.036543
1767 0.036514
1768 0.036485
1769 0.036457
1770 0.036428
1771 0.036400
1772 0.036371
1773 0.036342
1774 0.036314
1775 0.036285
1776 0.036257
1777 0.036228
1778 0.036200
1779 0.036171
1780 0.036143
1781 0.036115
1782 0.036086
1783 0.036058
1784 0.036030
1785 0.036001
1786 0.035973
1787 0.035945
1788 0.035917
1789 0.035888
1790 0.035860
1791 0.035832
1792 0.035804
1793 0.035776
1794 0.035748
1795 0.035720
1796 0.035692
1797 0.035664
1798 0.035636
1799 0.035608
1800 0.035580
1801 0.035552
1802 0.035524
1803 0.035496
1804 0.035468
1805 0.035440
1806 0.035412
1807 0.035385
1808 0.035357
1809 0.035329
1810 0.035301
1811 0.035274
1812 0.035246
1813 0.035218
1814 0.035191
1815 0.035163
1816 0.035136
1817 0.035108
1818 0.035080
1819 0.035053
1820 0.035025
1821 0.034998
1822 0.034971
1823 0.034943
1824 0.034916
1825 0.034888
1826 0.034861
1827 0.034834
1828 0.034806
1829 0.034779
1830 0.034752
1831 0.034725
1832 0.034697
1833 0.034670
1834 0.034643
1835 0.034616
1836 0.034589
1837 0.034562
1838 0.034535
1839 0.034507
1840 0.034480
1841 0.034453
1842 0.034426
1843 0.034399
1844 0.034373
1845 0.034346
1846 0.034319
1847 0.034292
1848 0.034265
1849 0.034238
1850 0.034211
1851 0.034185
1852 0.034158
1853 0.034131
1854 0.034104
1855 0.034078
1856 0.034051
1857 0.034025
1858 0.033998
1859 0.033971
1860 0.033945
1861 0.033918
1862 0.033892
1863 0.033865
1864 0.033839
1865 0.033812
1866 0.033786
1867 0.033759
1868 0.033733
1869 0.033707
1870 0.033680
1871 0.033654
1872 0.033628
1873 0.033602
1874 0.033575
1875 0.033549
1876 0.033523
1877 0.033497
1878 0.033471
1879 0.033445
1880 0.033418
1881 0.033392
1882 0.033366
1883 0.033340
1884 0.033314
1885 0.033288
1886 0.033262
1887 0.033236
1888 0.033211
1889 0.033185
1890 0.033159
1891 0.033133
1892 0.033107
1893 0.033081
1894 0.033056
1895 0.033030
1896 0.033004
1897 0.032979
1898 0.032953
1899 0.032927
1900 0.032902
1901 0.032876
1902 0.032850
1903 0.032825
1904 0.032799
1905 0.032774
1906 0.032748
1907 0.032723
1908 0.032698
1909 0.032672
1910 0.032647
1911 0.032621
1912 0.032596
1913 0.032571
1914 0.032545
1915 0.032520
1916 0.032495
1917 0.032470
1918 0.032444
1919 0.032419
1920 0.032394
1921 0.032369
1922 0.032344
1923 0.032319
1924 0.032294
1925 0.032269
1926 0.032244
1927 0.032219
1928 0.032194
1929 0.032169
1930 0.032144
1931 0.032119
1932 0.032094
1933 0.032069
1934 0.032045
1935 0.032020
1936 0.031995
1937 0.031970
1938 0.031945
1939 0.031921
1940 0.031896
1941 0.031871
1942 0.031847
1943 0.031822
1944 0.031798
1945 0.031773
1946 0.031749
1947 0.031724
1948 0.031700
1949 0.031675
1950 0.031651
1951 0.031626
1952 0.031602
1953 0.031577
1954 0.031553
1955 0.031529
1956 0.031504
1957 0.031480
1958 0.031456
1959 0.031432
1960 0.031407
1961 0.031383
1962 0.031359
1963 0.031335
1964 0.031311
1965 0.031287
1966 0.031263
1967 0.031239
1968 0.031215
1969 0.031191
1970 0.031167
1971 0.031143
1972 0.031119
1973 0.031095
1974 0.031071
1975 0.031047
1976 0.031023
1977 0.030999
1978 0.030976
1979 0.030952
1980 0.030928
1981 0.030904
1982 0.030881
1983 0.030857
1984 0.030833
1985 0.030810
1986 0.030786
1987 0.030763
1988 0.030739
1989 0.030715
1990 0.030692
1991 0.030668
1992 0.030645
1993 0.030621
1994 0.030598
1995 0.030575
1996 0.030551
1997 0.030528
1998 0.030505
1999 0.030481
2000 0.030458
2001 0.030435
2002 0.030411
2003 0.030388
2004 0.030365
2005 0.030342
2006 0.030319
2007 0.030296
2008 0.030272
2009 0.030249
2010 0.030226
2011 0.030203
2012 0.030180
2013 0.030157
2014 0.030134
2015 0.030111
2016 0.030088
2017 0.030066
2018 0.030043
2019 0.030020
2020 0.029997
2021 0.029974
2022 0.029951
2023 0.029929
2024 0.029906
2025 0.029883
2026 0.029860
2027 0.029838
2028 0.029815
2029 0.029792
2030 0.029770
2031 0.029747
2032 0.029725
2033 0.029702
2034 0.029680
2035 0.029657
2036 0.029635
2037 0.029612
2038 0.029590
2039 0.029567
2040 0.029545
2041 0.029523
2042 0.029500
2043 0.029478
2044 0.029456
2045 0.029433
2046 0.029411
2047 0.029389
2048 0.029367
2049 0.029345
2050 0.029322
2051 0.029300
2052 0.029278
2053 0.029256
2054 0.029234
2055 0.029212
2056 0.029190
2057 0.029168
2058 0.029146
2059 0.029124
2060 0.029102
2061 0.029080
2062 0.029058
2063 0.029036
2064 0.029014
2065 0.028993
2066 0.028971
2067 0.028949
2068 0.028927
2069 0.028906
2070 0.028884
2071 0.028862
2072 0.028840
2073 0.028819
2074 0.028797
2075 0.028776
2076 0.028754
2077 0.028732
2078 0.028711
2079 0.028689
2080 0.028668
2081 0.028646
2082 0.028625
2083 0.028603
2084 0.028582
2085 0.028561
2086 0.028539
2087 0.028518
2088 0.028496
2089 0.028475
2090 0.028454
2091 0.028433
2092 0.028411
2093 0.028390
2094 0.028369
2095 0.028348
2096 0.028327
2097 0.028305
2098 0.028284
2099 0.028263
2100 0.028242
2101 0.028221
2102 0.028200
2103 0.028179
2104 0.028158
2105 0.028137
2106 0.028116
2107 0.028095
2108 0.028074
2109 0.028053
2110 0.028033
2111 0.028012
2112 0.027991
2113 0.027970
2114 0.027949
2115 0.027929
2116 0.027908
2117 0.027887
2118 0.027866
2119 0.027846
2120 0.027825
2121 0.027804
2122 0.027784
2123 0.027763
2124 0.027743
2125 0.027722
2126 0.027702
2127 0.027681
2128 0.027661
2129 0.027640
2130 0.027620
2131 0.027599
2132 0.027579
2133 0.027558
2134 0.027538
2135 0.027518
2136 0.027497
2137 0.027477
2138 0.027457
2139 0.027437
2140 0.027416
2141 0.027396
2142 0.027376
2143 0.027356
2144 0.027336
2145 0.027315
2146 0.027295
2147 0.027275
2148 0.027255
2149 0.027235
2150 0.027215
2151 0.027195
2152 0.027175
2153 0.027155
2154 0.027135
2155 0.027115
2156 0.027095
2157 0.027075
2158 0.027056
2159 0.027036
2160 0.027016
2161 0.026996
2162 0.026976
2163 0.026956
2164 0.026937
2165 0.026917
2166 0.026897
2167 0.026878
2168 0.026858
2169 0.026838
2170 0.026819
2171 0.026799
2172 0.026779
2173 0.026760
2174 0.026740
2175 0.026721
2176 0.026701
2177 0.026682
2178 0.026662
2179 0.026643
2180 0.026623
2181 0.026604
2182 0.026585
2183 0.026565
2184 0.026546
2185 0.026526
2186 0.026507
2187 0.026488
2188 0.026469
2189 0.026449
2190 0.026430
2191 0.026411
2192 0.026392
2193 0.026372
2194 0.026353
2195 0.026334
2196 0.026315
2197 0.026296
2198 0.026277
2199 0.026258
2200 0.026239
2201 0.026220
2202 0.026201
2203 0.026182
2204 0.026163
2205 0.026144
2206 0.026125
2207 0.026106
2208 0.026087
2209 0.026068
2210 0.026049
2211 0.026030
2212 0.026012
2213 0.025993
2214 0.025974
2215 0.025955
2216 0.025937
2217 0.025918
2218 0.025899
2219 0.025880
2220 0.025862
2221 0.025843
2222 0.025825
2223 0.025806
2224 0.025787
2225 0.025769
2226 0.025750
2227 0.025732
2228 0.025713
2229 0.025695
2230 0.025676
2231 0.025658
2232 0.025639
2233 0.025621
2234 0.025603
2235 0.025584
2236 0.025566
2237 0.025547
2238 0.025529
2239 0.025511
2240 0.025493
2241 0.025474
2242 0.025456
2243 0.025438
2244 0.025420
2245 0.025401
2246 0.025383
2247 0.025365
2248 0.025347
2249 0.025329
2250 0.025311
2251 0.025293
2252 0.025274
2253 0.025256
2254 0.025238
2255 0.025220
2256 0.025202
2257 0.025184
2258 0.025166
2259 0.025149
2260 0.025131
2261 0.025113
2262 0.025095
2263 0.025077
2264 0.025059
2265 0.025041
2266 0.025023
2267 0.025006
2268 0.024988
2269 0.024970
2270 0.024952
2271 0.024935
2272 0.024917
2273 0.024899
2274 0.024882
2275 0.024864
2276 0.024846
2277 0.024829
2278 0.024811
2279 0.024794
2280 0.024776
2281 0.024758
2282 0.024741
2283 0.024723
2284 0.024706
2285 0.024688
2286 0.024671
2287 0.024654
2288 0.024636
2289 0.024619
2290 0.024601
2291 0.024584
2292 0.024567
2293 0.024549
2294 0.024532
2295 0.024515
2296 0.024497
2297 0.024480
2298 0.024463
2299 0.024446
2300 0.024428
2301 0.024411
2302 0.024394
2303 0.024377
2304 0.024360
2305 0.024343
2306 0.024325
2307 0.024308
2308 0.024291
2309 0.024274
2310 0.024257
2311 0.024240
2312 0.024223
2313 0.024206
2314 0.024189
2315 0.024172
2316 0.024155
2317 0.024138
2318 0.024122
2319 0.024105
2320 0.024088
2321 0.024071
2322 0.024054
2323 0.024037
2324 0.024020
2325 0.024004
2326 0.023987
2327 0.023970
2328 0.023953
2329 0.023937
2330 0.023920
2331 0.023903
2332 0.023887
2333 0.023870
2334 0.023853
2335 0.023837
2336 0.023820
2337 0.023804
2338 0.023787
2339 0.023770
2340 0.023754
2341 0.023737
2342 0.023721
2343 0.023704
2344 0.023688
2345 0.023672
2346 0.023655
2347 0.023639
2348 0.023622
2349 0.023606
2350 0.023590
2351 0.023573
2352 0.023557
2353 0.023541
2354 0.023524
2355 0.023508
2356 0.023492
2357 0.023475
2358 0.023459
2359 0.023443
2360 0.023427
2361 0.023411
2362 0.023394
2363 0.023378
2364 0.023362
2365 0.023346
2366 0.023330
2367 0.023314
2368 0.023298
2369 0.023282
2370 0.023266
2371 0.023250
2372 0.023234
2373 0.023218
2374 0.023202
2375 0.023186
2376 0.023170
2377 0.023154
2378 0.023138
2379 0.023122
2380 0.023106
2381 0.023090
2382 0.023074
2383 0.023058
2384 0.023043
2385 0.023027
2386 0.023011
2387 0.022995
2388 0.022980
2389 0.022964
2390 0.022948
2391 0.022932
2392 0.022917
2393 0.022901
2394 0.022885
2395 0.022870
2396 0.022854
2397 0.022838
2398 0.022823
2399 0.022807
2400 0.022792
2401 0.022776
2402 0.022761
2403 0.022745
2404 0.022730
2405 0.022714
2406 0.022699
2407 0.022683
2408 0.022668
2409 0.022652
2410 0.022637
2411 0.022621
2412 0.022606
2413 0.022591
2414 0.022575
2415 0.022560
2416 0.022545
2417 0.022529
2418 0.022514
2419 0.022499
2420 0.022483
2421 0.022468
2422 0.022453
2423 0.022438
2424 0.022423
2425 0.022407
2426 0.022392
2427 0.022377
2428 0.022362
2429 0.022347
2430 0.022332
2431 0.022317
2432 0.022302
2433 0.022286
2434 0.022271
2435 0.022256
2436 0.022241
2437 0.022226
2438 0.022211
2439 0.022196
2440 0.022181
2441 0.022166
2442 0.022152
2443 0.022137
2444 0.022122
2445 0.022107
2446 0.022092
2447 0.022077
2448 0.022062
2449 0.022047
2450 0.022033
2451 0.022018
2452 0.022003
2453 0.021988
2454 0.021973
2455 0.021959
2456 0.021944
2457 0.021929
2458 0.021915
2459 0.021900
2460 0.021885
2461 0.021871
2462 0.021856
2463 0.021841
2464 0.021827
2465 0.021812
2466 0.021797
2467 0.021783
2468 0.021768
2469 0.021754
2470 0.021739
2471 0.021725
2472 0.021710
2473 0.021696
2474 0.021681
2475 0.021667
2476 0.021652
2477 0.021638
2478 0.021624
2479 0.021609
2480 0.021595
2481 0.021580
2482 0.021566
2483 0.021552
2484 0.021537
2485 0.021523
2486 0.021509
2487 0.021494
2488 0.021480
2489 0.021466
2490 0.021452
2491 0.021437
2492 0.021423
2493 0.021409
2494 0.021395
2495 0.021381
2496 0.021366
2497 0.021352
2498 0.021338
2499 0.021324
2500 0.021310
2501 0.021296
2502 0.021282
2503 0.021268
2504 0.021254
2505 0.021240
2506 0.021226
2507 0.021212
2508 0.021198
2509 0.021184
2510 0.021170
2511 0.021156
2512 0.021142
2513 0.021128
2514 0.021114
2515 0.021100
2516 0.021086
2517 0.021072
2518 0.021058
2519 0.021045
2520 0.021031
2521 0.021017
2522 0.021003
2523 0.020989
2524 0.020975
2525 0.020962
2526 0.020948
2527 0.020934
2528 0.020921
2529 0.020907
2530 0.020893
2531 0.020879
2532 0.020866
2533 0.020852
2534 0.020838
2535 0.020825
2536 0.020811
2537 0.020798
2538 0.020784
2539 0.020770
2540 0.020757
2541 0.020743
2542 0.020730
2543 0.020716
2544 0.020703
2545 0.020689
2546 0.020676
2547 0.020662
2548 0.020649
2549 0.020635
2550 0.020622
2551 0.020608
2552 0.020595
2553 0.020582
2554 0.020568
2555 0.020555
2556 0.020542
2557 0.020528
2558 0.020515
2559 0.020502
2560 0.020488
2561 0.020475
2562 0.020462
2563 0.020448
2564 0.020435
2565 0.020422
2566 0.020409
2567 0.020395
2568 0.020382
2569 0.020369
2570 0.020356
2571 0.020343
2572 0.020330
2573 0.020316
2574 0.020303
2575 0.020290
2576 0.020277
2577 0.020264
2578 0.020251
2579 0.020238
2580 0.020225
2581 0.020212
2582 0.020199
2583 0.020186
2584 0.020173
2585 0.020160
2586 0.020147
2587 0.020134
2588 0.020121
2589 0.020108
2590 0.020095
2591 0.020082
2592 0.020069
2593 0.020056
2594 0.020043
2595 0.020030
2596 0.020018
2597 0.020005
2598 0.019992
2599 0.019979
2600 0.019966
2601 0.019953
2602 0.019941
2603 0.019928
2604 0.019915
2605 0.019902
2606 0.019890
2607 0.019877
2608 0.019864
2609 0.019852
2610 0.019839
2611 0.019826
2612 0.019814
2613 0.019801
2614 0.019788
2615 0.019776
2616 0.019763
2617 0.019750
2618 0.019738
2619 0.019725
2620 0.019713
2621 0.019700
2622 0.019688
2623 0.019675
2624 0.019663
2625 0.019650
2626 0.019638
2627 0.019625
2628 0.019613
2629 0.019600
2630 0.019588
2631 0.019575
2632 0.019563
2633 0.019551
2634 0.019538
2635 0.019526
2636 0.019513
2637 0.019501
2638 0.019489
2639 0.019476
2640 0.019464
2641 0.019452
2642 0.019439
2643 0.019427
2644 0.019415
2645 0.019403
2646 0.019390
2647 0.019378
2648 0.019366
2649 0.019354
2650 0.019341
2651 0.019329
2652 0.019317
2653 0.019305
2654 0.019293
2655 0.019280
2656 0.019268
2657 0.019256
2658 0.019244
2659 0.019232
2660 0.019220
2661 0.019208
2662 0.019196
2663 0.019184
2664 0.019172
2665 0.019160
2666 0.019148
2667 0.019136
2668 0.019124
2669 0.019112
2670 0.019100
2671 0.019088
2672 0.019076
2673 0.019064
2674 0.019052
2675 0.019040
2676 0.019028
2677 0.019016
2678 0.019004
2679 0.018992
2680 0.018980
2681 0.018968
2682 0.018957
2683 0.018945
2684 0.018933
2685 0.018921
2686 0.018909
2687 0.018898
2688 0.018886
2689 0.018874
2690 0.018862
2691 0.018850
2692 0.018839
2693 0.018827
2694 0.018815
2695 0.018804
2696 0.018792
2697 0.018780
2698 0.018769
2699 0.018757
2700 0.018745
2701 0.018734
2702 0.018722
2703 0.018710
2704 0.018699
2705 0.018687
2706 0.018676
2707 0.018664
2708 0.018652
2709 0.018641
2710 0.018629
2711 0.018618
2712 0.018606
2713 0.018595
2714 0.018583
2715 0.018572
2716 0.018560
2717 0.018549
2718 0.018537
2719 0.018526
2720 0.018514
2721 0.018503
2722 0.018492
2723 0.018480
2724 0.018469
2725 0.018457
2726 0.018446
2727 0.018435
2728 0.018423
2729 0.018412
2730 0.018401
2731 0.018389
2732 0.018378
2733 0.018367
2734 0.018355
2735 0.018344
2736 0.018333
2737 0.018322
2738 0.018310
2739 0.018299
2740 0.018288
2741 0.018277
2742 0.018265
2743 0.018254
2744 0.018243
2745 0.018232
2746 0.018221
2747 0.018210
2748 0.018198
2749 0.018187
2750 0.018176
2751 0.018165
2752 0.018154
2753 0.018143
2754 0.018132
2755 0.018121
2756 0.018110
2757 0.018099
2758 0.018088
2759 0.018077
2760 0.018065
2761 0.018054
2762 0.018043
2763 0.018032
2764 0.018021
2765 0.018011
2766 0.018000
2767 0.017989
2768 0.017978
2769 0.017967
2770 0.017956
2771 0.017945
2772 0.017934
2773 0.017923
2774 0.017912
2775 0.017901
2776 0.017890
2777 0.017880
2778 0.017869
2779 0.017858
2780 0.017847
2781 0.017836
2782 0.017826
2783 0.017815
2784 0.017804
2785 0.017793
2786 0.017782
2787 0.017772
2788 0.017761
2789 0.017750
2790 0.017739
2791 0.017729
2792 0.017718
2793 0.017707
2794 0.017697
2795 0.017686
2796 0.017675
2797 0.017665
2798 0.017654
2799 0.017643
2800 0.017633
2801 0.017622
2802 0.017611
2803 0.017601
2804 0.017590
2805 0.017580
2806 0.017569
2807 0.017559
2808 0.017548
2809 0.017537
2810 0.017527
2811 0.017516
2812 0.017506
2813 0.017495
2814 0.017485
2815 0.017474
2816 0.017464
2817 0.017453
2818 0.017443
2819 0.017433
2820 0.017422
2821 0.017412
2822 0.017401
2823 0.017391
2824 0.017380
2825 0.017370
2826 0.017360
2827 0.017349
2828 0.017339
2829 0.017329
2830 0.017318
2831 0.017308
2832 0.017298
2833 0.017287
2834 0.017277
2835 0.017267
2836 0.017256
2837 0.017246
2838 0.017236
2839 0.017226
2840 0.017215
2841 0.017205
2842 0.017195
2843 0.017185
2844 0.017174
2845 0.017164
2846 0.017154
2847 0.017144
2848 0.017134
2849 0.017124
2850 0.017113
2851 0.017103
2852 0.017093
2853 0.017083
2854 0.017073
2855 0.017063
2856 0.017053
2857 0.017042
2858 0.017032
2859 0.017022
2860 0.017012
2861 0.017002
2862 0.016992
2863 0.016982
2864 0.016972
2865 0.016962
2866 0.016952
2867 0.016942
2868 0.016932
2869 0.016922
2870 0.016912
2871 0.016902
2872 0.016892
2873 0.016882
2874 0.016872
2875 0.016862
2876 0.016852
2877 0.016842
2878 0.016832
2879 0.016823
2880 0.016813
2881 0.016803
2882 0.016793
2883 0.016783
2884 0.016773
2885 0.016763
2886 0.016754
2887 0.016744
2888 0.016734
2889 0.016724
2890 0.016714
2891 0.016704
2892 0.016695
2893 0.016685
2894 0.016675
2895 0.016665
2896 0.016656
2897 0.016646
2898 0.016636
2899 0.016626
2900 0.016617
2901 0.016607
2902 0.016597
2903 0.016588
2904 0.016578
2905 0.016568
2906 0.016558
2907 0.016549
2908 0.016539
2909 0.016530
2910 0.016520
2911 0.016510
2912 0.016501
2913 0.016491
2914 0.016481
2915 0.016472
2916 0.016462
2917 0.016453
2918 0.016443
2919 0.016434
2920 0.016424
2921 0.016414
2922 0.016405
2923 0.016395
2924 0.016386
2925 0.016376
2926 0.016367
2927 0.016357
2928 0.016348
2929 0.016338
2930 0.016329
2931 0.016319
2932 0.016310
2933 0.016301
2934 0.016291
2935 0.016282
2936 0.016272
2937 0.016263
2938 0.016253
2939 0.016244
2940 0.016235
2941 0.016225
2942 0.016216
2943 0.016207
2944 0.016197
2945 0.016188
2946 0.016178
2947 0.016169
2948 0.016160
2949 0.016151
2950 0.016141
2951 0.016132
2952 0.016123
2953 0.016113
2954 0.016104
2955 0.016095
2956 0.016086
2957 0.016076
2958 0.016067
2959 0.016058
2960 0.016049
2961 0.016039
2962 0.016030
2963 0.016021
2964 0.016012
2965 0.016003
2966 0.015993
2967 0.015984
2968 0.015975
2969 0.015966
2970 0.015957
2971 0.015948
2972 0.015938
2973 0.015929
2974 0.015920
2975 0.015911
2976 0.015902
2977 0.015893
2978 0.015884
2979 0.015875
2980 0.015866
2981 0.015857
2982 0.015847
2983 0.015838
2984 0.015829
2985 0.015820
2986 0.015811
2987 0.015802
2988 0.015793
2989 0.015784
2990 0.015775
2991 0.015766
2992 0.015757
2993 0.015748
2994 0.015739
2995 0.015730
2996 0.015721
2997 0.015713
2998 0.015704
2999 0.015695
3000 0.015686
3001 0.015677
3002 0.015668
3003 0.015659
3004 0.015650
3005 0.015641
3006 0.015632
3007 0.015624
3008 0.015615
3009 0.015606
3010 0.015597
3011 0.015588
3012 0.015579
3013 0.015571
3014 0.015562
3015 0.015553
3016 0.015544
3017 0.015535
3018 0.015527
3019 0.015518
3020 0.015509
3021 0.015500
3022 0.015491
3023 0.015483
3024 0.015474
3025 0.015465
3026 0.015457
3027 0.015448
3028 0.015439
3029 0.015430
3030 0.015422
3031 0.015413
3032 0.015404
3033 0.015396
3034 0.015387
3035 0.015378
3036 0.015370
3037 0.015361
3038 0.015352
3039 0.015344
3040 0.015335
3041 0.015326
3042 0.015318
3043 0.015309
3044 0.015301
3045 0.015292
3046 0.015284
3047 0.015275
3048 0.015266
3049 0.015258
3050 0.015249
3051 0.015241
3052 0.015232
3053 0.015224
3054 0.015215
3055 0.015207
3056 0.015198
3057 0.015190
3058 0.015181
3059 0.015173
3060 0.015164
3061 0.015156
3062 0.015147
3063 0.015139
3064 0.015130
3065 0.015122
3066 0.015113
3067 0.015105
3068 0.015097
3069 0.015088
3070 0.015080
3071 0.015071
3072 0.015063
3073 0.015055
3074 0.015046
3075 0.015038
3076 0.015029
3077 0.015021
3078 0.015013
3079 0.015004
3080 0.014996
3081 0.014988
3082 0.014979
3083 0.014971
3084 0.014963
3085 0.014954
3086 0.014946
3087 0.014938
3088 0.014930
3089 0.014921
3090 0.014913
3091 0.014905
3092 0.014896
3093 0.014888
3094 0.014880
3095 0.014872
3096 0.014863
3097 0.014855
3098 0.014847
3099 0.014839
3100 0.014831
3101 0.014822
3102 0.014814
3103 0.014806
3104 0.014798
3105 0.014790
3106 0.014782
3107 0.014773
3108 0.014765
3109 0.014757
3110 0.014749
3111 0.014741
3112 0.014733
3113 0.014725
3114 0.014716
3115 0.014708
3116 0.014700
3117 0.014692
3118 0.014684
3119 0.014676
3120 0.014668
3121 0.014660
3122 0.014652
3123 0.014644
3124 0.014636
3125 0.014628
3126 0.014620
3127 0.014612
3128 0.014604
3129 0.014596
3130 0.014588
3131 0.014580
3132 0.014572
3133 0.014564
3134 0.014556
3135 0.014548
3136 0.014540
3137 0.014532
3138 0.014524
3139 0.014516
3140 0.014508
3141 0.014500
3142 0.014492
3143 0.014484
3144 0.014476
3145 0.014468
3146 0.014460
3147 0.014452
3148 0.014445
3149 0.014437
3150 0.014429
3151 0.014421
3152 0.014413
3153 0.014405
3154 0.014397
3155 0.014390
3156 0.014382
3157 0.014374
3158 0.014366
3159 0.014358
3160 0.014350
3161 0.014343
3162 0.014335
3163 0.014327
3164 0.014319
3165 0.014311
3166 0.014304
3167 0.014296
3168 0.014288
3169 0.014280
3170 0.014273
3171 0.014265
3172 0.014257
3173 0.014249
3174 0.014242
3175 0.014234
3176 0.014226
3177 0.014219
3178 0.014211
3179 0.014203
3180 0.014195
3181 0.014188
3182 0.014180
3183 0.014172
3184 0.014165
3185 0.014157
3186 0.014149
3187 0.014142
3188 0.014134
3189 0.014126
3190 0.014119
3191 0.014111
3192 0.014104
3193 0.014096
3194 0.014088
3195 0.014081
3196 0.014073
3197 0.014066
3198 0.014058
3199 0.014050
3200 0.014043
3201 0.014035
3202 0.014028
3203 0.014020
3204 0.014013
3205 0.014005
3206 0.013998
3207 0.013990
3208 0.013983
3209 0.013975
3210 0.013968
3211 0.013960
3212 0.013953
3213 0.013945
3214 0.013938
3215 0.013930
3216 0.013923
3217 0.013915
3218 0.013908
3219 0.013900
3220 0.013893
3221 0.013885
3222 0.013878
3223 0.013870
3224 0.013863
3225 0.013856
3226 0.013848
3227 0.013841
3228 0.013833
3229 0.013826
3230 0.013819
3231 0.013811
3232 0.013804
3233 0.013796
3234 0.013789
3235 0.013782
3236 0.013774
3237 0.013767
3238 0.013760
3239 0.013752
3240 0.013745
3241 0.013738
3242 0.013730
3243 0.013723
3244 0.013716
3245 0.013708
3246 0.013701
3247 0.013694
3248 0.013687
3249 0.013679
3250 0.013672
3251 0.013665
3252 0.013657
3253 0.013650
3254 0.013643
3255 0.013636
3256 0.013628
3257 0.013621
3258 0.013614
3259 0.013607
3260 0.013599
3261 0.013592
3262 0.013585
3263 0.013578
3264 0.013571
3265 0.013563
3266 0.013556
3267 0.013549
3268 0.013542
3269 0.013535
3270 0.013528
3271 0.013520
3272 0.013513
3273 0.013506
3274 0.013499
3275 0.013492
3276 0.013485
3277 0.013478
3278 0.013470
3279 0.013463
3280 0.013456
3281 0.013449
3282 0.013442
3283 0.013435
3284 0.013428
3285 0.013421
3286 0.013414
3287 0.013407
3288 0.013400
3289 0.013392
3290 0.013385
3291 0.013378
3292 0.013371
3293 0.013364
3294 0.013357
3295 0.013350
3296 0.013343
3297 0.013336
3298 0.013329
3299 0.013322
3300 0.013315
3301 0.013308
3302 0.013301
3303 0.013294
3304 0.013287
3305 0.013280
3306 0.013273
3307 0.013266
3308 0.013259
3309 0.013252
3310 0.013245
3311 0.013238
3312 0.013232
3313 0.013225
3314 0.013218
3315 0.013211
3316 0.013204
3317 0.013197
3318 0.013190
3319 0.013183
3320 0.013176
3321 0.013169
3322 0.013162
3323 0.013156
3324 0.013149
3325 0.013142
3326 0.013135
3327 0.013128
3328 0.013121
3329 0.013114
3330 0.013108
3331 0.013101
3332 0.013094
3333 0.013087
3334 0.013080
3335 0.013073
3336 0.013067
3337 0.013060
3338 0.013053
3339 0.013046
3340 0.013039
3341 0.013033
3342 0.013026
3343 0.013019
3344 0.013012
3345 0.013005
3346 0.012999
3347 0.012992
3348 0.012985
3349 0.012978
3350 0.012972
3351 0.012965
3352 0.012958
3353 0.012952
3354 0.012945
3355 0.012938
3356 0.012931
3357 0.012925
3358 0.012918
3359 0.012911
3360 0.012905
3361 0.012898
3362 0.012891
3363 0.012885
3364 0.012878
3365 0.012871
3366 0.012865
3367 0.012858
3368 0.012851
3369 0.012845
3370 0.012838
3371 0.012831
3372 0.012825
3373 0.012818
3374 0.012811
3375 0.012805
3376 0.012798
3377 0.012792
3378 0.012785
3379 0.012778
3380 0.012772
3381 0.012765
3382 0.012759
3383 0.012752
3384 0.012745
3385 0.012739
3386 0.012732
3387 0.012726
3388 0.012719
3389 0.012713
3390 0.012706
3391 0.012700
3392 0.012693
3393 0.012687
3394 0.012680
3395 0.012673
3396 0.012667
3397 0.012660
3398 0.012654
3399 0.012647
3400 0.012641
3401 0.012634
3402 0.012628
3403 0.012622
3404 0.012615
3405 0.012609
3406 0.012602
3407 0.012596
3408 0.012589
3409 0.012583
3410 0.012576
3411 0.012570
3412 0.012563
3413 0.012557
3414 0.012551
3415 0.012544
3416 0.012538
3417 0.012531
3418 0.012525
3419 0.012518
3420 0.012512
3421 0.012506
3422 0.012499
3423 0.012493
3424 0.012487
3425 0.012480
3426 0.012474
3427 0.012467
3428 0.012461
3429 0.012455
3430 0.012448
3431 0.012442
3432 0.012436
3433 0.012429
3434 0.012423
3435 0.012417
3436 0.012410
3437 0.012404
3438 0.012398
3439 0.012391
3440 0.012385
3441 0.012379
3442 0.012372
3443 0.012366
3444 0.012360
3445 0.012354
3446 0.012347
3447 0.012341
3448 0.012335
3449 0.012329
3450 0.012322
3451 0.012316
3452 0.012310
3453 0.012304
3454 0.012297
3455 0.012291
3456 0.012285
3457 0.012279
3458 0.012272
3459 0.012266
3460 0.012260
3461 0.012254
3462 0.012248
3463 0.012241
3464 0.012235
3465 0.012229
3466 0.012223
3467 0.012217
3468 0.012210
3469 0.012204
3470 0.012198
3471 0.012192
3472 0.012186
3473 0.012180
3474 0.012173
3475 0.012167
3476 0.012161
3477 0.012155
3478 0.012149
3479 0.012143
3480 0.012137
3481 0.012130
3482 0.012124
3483 0.012118
3484 0.012112
3485 0.012106
3486 0.012100
3487 0.012094
3488 0.012088
3489 0.012082
3490 0.012076
3491 0.012069
3492 0.012063
3493 0.012057
3494 0.012051
3495 0.012045
3496 0.012039
3497 0.012033
3498 0.012027
3499 0.012021
3500 0.012015
3501 0.012009
3502 0.012003
3503 0.011997
3504 0.011991
3505 0.011985
3506 0.011979
3507 0.011973
3508 0.011967
3509 0.011961
3510 0.011955
3511 0.011949
3512 0.011943
3513 0.011937
3514 0.011931
3515 0.011925
3516 0.011919
3517 0.011913
3518 0.011907
3519 0.011901
3520 0.011895
3521 0.011889
3522 0.011883
3523 0.011877
3524 0.011871
3525 0.011865
3526 0.011860
3527 0.011854
3528 0.011848
3529 0.011842
3530 0.011836
3531 0.011830
3532 0.011824
3533 0.011818
3534 0.011812
3535 0.011806
3536 0.011800
3537 0.011795
3538 0.011789
3539 0.011783
3540 0.011777
3541 0.011771
3542 0.011765
3543 0.011759
3544 0.011754
3545 0.011748
3546 0.011742
3547 0.011736
3548 0.011730
3549 0.011724
3550 0.011719
3551 0.011713
3552 0.011707
3553 0.011701
3554 0.011695
3555 0.011689
3556 0.011684
3557 0.011678
3558 0.011672
3559 0.011666
3560 0.011660
3561 0.011655
3562 0.011649
3563 0.011643
3564 0.011637
3565 0.011632
3566 0.011626
3567 0.011620
3568 0.011614
3569 0.011609
3570 0.011603
3571 0.011597
3572 0.011591
3573 0.011586
3574 0.011580
3575 0.011574
3576 0.011568
3577 0.011563
3578 0.011557
3579 0.011551
3580 0.011546
3581 0.011540
3582 0.011534
3583 0.011529
3584 0.011523
3585 0.011517
3586 0.011512
3587 0.011506
3588 0.011500
3589 0.011494
3590 0.011489
3591 0.011483
3592 0.011478
3593 0.011472
3594 0.011466
3595 0.011461
3596 0.011455
3597 0.011449
3598 0.011444
3599 0.011438
3600 0.011432
3601 0.011427
3602 0.011421
3603 0.011416
3604 0.011410
3605 0.011404
3606 0.011399
3607 0.011393
3608 0.011388
3609 0.011382
3610 0.011376
3611 0.011371
3612 0.011365
3613 0.011360
3614 0.011354
3615 0.011349
3616 0.011343
3617 0.011337
3618 0.011332
3619 0.011326
3620 0.011321
3621 0.011315
3622 0.011310
3623 0.011304
3624 0.011299
3625 0.011293
3626 0.011288
3627 0.011282
3628 0.011276
3629 0.011271
3630 0.011265
3631 0.011260
3632 0.011254
3633 0.011249
3634 0.011243
3635 0.011238
3636 0.011232
3637 0.011227
3638 0.011222
3639 0.011216
3640 0.011211
3641 0.011205
3642 0.011200
3643 0.011194
3644 0.011189
3645 0.011183
3646 0.011178
3647 0.011172
3648 0.011167
3649 0.011161
3650 0.011156
3651 0.011151
3652 0.011145
3653 0.011140
3654 0.011134
3655 0.011129
3656 0.011124
3657 0.011118
3658 0.011113
3659 0.011107
3660 0.011102
3661 0.011097
3662 0.011091
3663 0.011086
3664 0.011080
3665 0.011075
3666 0.011070
3667 0.011064
3668 0.011059
3669 0.011054
3670 0.011048
3671 0.011043
3672 0.011037
3673 0.011032
3674 0.011027
3675 0.011021
3676 0.011016
3677 0.011011
3678 0.011005
3679 0.011000
3680 0.010995
3681 0.010989
3682 0.010984
3683 0.010979
3684 0.010974
3685 0.010968
3686 0.010963
3687 0.010958
3688 0.010952
3689 0.010947
3690 0.010942
3691 0.010936
3692 0.010931
3693 0.010926
3694 0.010921
3695 0.010915
3696 0.010910
3697 0.010905
3698 0.010900
3699 0.010894
3700 0.010889
3701 0.010884
3702 0.010879
3703 0.010873
3704 0.010868
3705 0.010863
3706 0.010858
3707 0.010852
3708 0.010847
3709 0.010842
3710 0.010837
3711 0.010832
3712 0.010826
3713 0.010821
3714 0.010816
3715 0.010811
3716 0.010806
3717 0.010800
3718 0.010795
3719 0.010790
3720 0.010785
3721 0.010780
3722 0.010774
3723 0.010769
3724 0.010764
3725 0.010759
3726 0.010754
3727 0.010749
3728 0.010743
3729 0.010738
3730 0.010733
3731 0.010728
3732 0.010723
3733 0.010718
3734 0.010713
3735 0.010708
3736 0.010702
3737 0.010697
3738 0.010692
3739 0.010687
3740 0.010682
3741 0.010677
3742 0.010672
3743 0.010667
3744 0.010662
3745 0.010656
3746 0.010651
3747 0.010646
3748 0.010641
3749 0.010636
3750 0.010631
3751 0.010626
3752 0.010621
3753 0.010616
3754 0.010611
3755 0.010606
3756 0.010601
3757 0.010596
3758 0.010591
3759 0.010585
3760 0.010580
3761 0.010575
3762 0.010570
3763 0.010565
3764 0.010560
3765 0.010555
3766 0.010550
3767 0.010545
3768 0.010540
3769 0.010535
3770 0.010530
3771 0.010525
3772 0.010520
3773 0.010515
3774 0.010510
3775 0.010505
3776 0.010500
3777 0.010495
3778 0.010490
3779 0.010485
3780 0.010480
3781 0.010475
3782 0.010470
3783 0.010465
3784 0.010460
3785 0.010455
3786 0.010450
3787 0.010446
3788 0.010441
3789 0.010436
3790 0.010431
3791 0.010426
3792 0.010421
3793 0.010416
3794 0.010411
3795 0.010406
3796 0.010401
3797 0.010396
3798 0.010391
3799 0.010386
3800 0.010381
3801 0.010377
3802 0.010372
3803 0.010367
3804 0.010362
3805 0.010357
3806 0.010352
3807 0.010347
3808 0.010342
3809 0.010337
3810 0.010333
3811 0.010328
3812 0.010323
3813 0.010318
3814 0.010313
3815 0.010308
3816 0.010303
3817 0.010298
3818 0.010294
3819 0.010289
3820 0.010284
3821 0.010279
3822 0.010274
3823 0.010269
3824 0.010265
3825 0.010260
3826 0.010255
3827 0.010250
3828 0.010245
3829 0.010240
3830 0.010236
3831 0.010231
3832 0.010226
3833 0.010221
3834 0.010216
3835 0.010212
3836 0.010207
3837 0.010202
3838 0.010197
3839 0.010192
3840 0.010188
3841 0.010183
3842 0.010178
3843 0.010173
3844 0.010169
3845 0.010164
3846 0.010159
3847 0.010154
3848 0.010149
3849 0.010145
3850 0.010140
3851 0.010135
3852 0.010130
3853 0.010126
3854 0.010121
3855 0.010116
3856 0.010112
3857 0.010107
3858 0.010102
3859 0.010097
3860 0.010093
3861 0.010088
3862 0.010083
3863 0.010078
3864 0.010074
3865 0.010069
3866 0.010064
3867 0.010060
3868 0.010055
3869 0.010050
3870 0.010046
3871 0.010041
3872 0.010036
3873 0.010032
3874 0.010027
3875 0.010022
3876 0.010018
3877 0.010013
3878 0.010008
3879 0.010004
3880 0.009999
3881 0.009994
3882 0.009990
3883 0.009985
3884 0.009980
3885 0.009976
3886 0.009971
3887 0.009966
3888 0.009962
3889 0.009957
3890 0.009952
3891 0.009948
3892 0.009943
3893 0.009939
3894 0.009934
3895 0.009929
3896 0.009925
3897 0.009920
3898 0.009915
3899 0.009911
3900 0.009906
3901 0.009902
3902 0.009897
3903 0.009893
3904 0.009888
3905 0.009883
3906 0.009879
3907 0.009874
3908 0.009870
3909 0.009865
3910 0.009860
3911 0.009856
3912 0.009851
3913 0.009847
3914 0.009842
3915 0.009838
3916 0.009833
3917 0.009829
3918 0.009824
3919 0.009819
3920 0.009815
3921 0.009810
3922 0.009806
3923 0.009801
3924 0.009797
3925 0.009792
3926 0.009788
3927 0.009783
3928 0.009779
3929 0.009774
3930 0.009770
3931 0.009765
3932 0.009761
3933 0.009756
3934 0.009752
3935 0.009747
3936 0.009743
3937 0.009738
3938 0.009734
3939 0.009729
3940 0.009725
3941 0.009720
3942 0.009716
3943 0.009711
3944 0.009707
3945 0.009702
3946 0.009698
3947 0.009693
3948 0.009689
3949 0.009684
3950 0.009680
3951 0.009676
3952 0.009671
3953 0.009667
3954 0.009662
3955 0.009658
3956 0.009653
3957 0.009649
3958 0.009644
3959 0.009640
3960 0.009636
3961 0.009631
3962 0.009627
3963 0.009622
3964 0.009618
3965 0.009614
3966 0.009609
3967 0.009605
3968 0.009600
3969 0.009596
3970 0.009592
3971 0.009587
3972 0.009583
3973 0.009578
3974 0.009574
3975 0.009570
3976 0.009565
3977 0.009561
3978 0.009556
3979 0.009552
3980 0.009548
3981 0.009543
3982 0.009539
3983 0.009535
3984 0.009530
3985 0.009526
3986 0.009522
3987 0.009517
3988 0.009513
3989 0.009508
3990 0.009504
3991 0.009500
3992 0.009495
3993 0.009491
3994 0.009487
3995 0.009482
3996 0.009478
3997 0.009474
3998 0.009469
3999 0.009465
4000 0.009461
4001 0.009457
4002 0.009452
4003 0.009448
4004 0.009444
4005 0.009439
4006 0.009435
4007 0.009431
4008 0.009426
4009 0.009422
4010 0.009418
4011 0.009414
4012 0.009409
4013 0.009405
4014 0.009401
4015 0.009396
4016 0.009392
4017 0.009388
4018 0.009384
4019 0.009379
4020 0.009375
4021 0.009371
4022 0.009367
4023 0.009362
4024 0.009358
4025 0.009354
4026 0.009350
4027 0.009345
4028 0.009341
4029 0.009337
4030 0.009333
4031 0.009328
4032 0.009324
4033 0.009320
4034 0.009316
4035 0.009312
4036 0.009307
4037 0.009303
4038 0.009299
4039 0.009295
4040 0.009290
4041 0.009286
4042 0.009282
4043 0.009278
4044 0.009274
4045 0.009270
4046 0.009265
4047 0.009261
4048 0.009257
4049 0.009253
4050 0.009249
4051 0.009244
4052 0.009240
4053 0.009236
4054 0.009232
4055 0.009228
4056 0.009224
4057 0.009219
4058 0.009215
4059 0.009211
4060 0.009207
4061 0.009203
4062 0.009199
4063 0.009194
4064 0.009190
4065 0.009186
4066 0.009182
4067 0.009178
4068 0.009174
4069 0.009170
4070 0.009165
4071 0.009161
4072 0.009157
4073 0.009153
4074 0.009149
4075 0.009145
4076 0.009141
4077 0.009137
4078 0.009133
4079 0.009128
4080 0.009124
4081 0.009120
4082 0.009116
4083 0.009112
4084 0.009108
4085 0.009104
4086 0.009100
4087 0.009096
4088 0.009092
4089 0.009088
4090 0.009083
4091 0.009079
4092 0.009075
4093 0.009071
4094 0.009067
4095 0.009063
4096 0.009059
4097 0.009055
4098 0.009051
4099 0.009047
4100 0.009043
4101 0.009039
4102 0.009035
4103 0.009031
4104 0.009027
4105 0.009023
4106 0.009019
4107 0.009015
4108 0.009010
4109 0.009006
4110 0.009002
4111 0.008998
4112 0.008994
4113 0.008990
4114 0.008986
4115 0.008982
4116 0.008978
4117 0.008974
4118 0.008970
4119 0.008966
4120 0.008962
4121 0.008958
4122 0.008954
4123 0.008950
4124 0.008946
4125 0.008942
4126 0.008938
4127 0.008934
4128 0.008930
4129 0.008926
4130 0.008922
4131 0.008918
4132 0.008914
4133 0.008910
4134 0.008907
4135 0.008903
4136 0.008899
4137 0.008895
4138 0.008891
4139 0.008887
4140 0.008883
4141 0.008879
4142 0.008875
4143 0.008871
4144 0.008867
4145 0.008863
4146 0.008859
4147 0.008855
4148 0.008851
4149 0.008847
4150 0.008843
4151 0.008839
4152 0.008836
4153 0.008832
4154 0.008828
4155 0.008824
4156 0.008820
4157 0.008816
4158 0.008812
4159 0.008808
4160 0.008804
4161 0.008800
4162 0.008796
4163 0.008793
4164 0.008789
4165 0.008785
4166 0.008781
4167 0.008777
4168 0.008773
4169 0.008769
4170 0.008765
4171 0.008761
4172 0.008758
4173 0.008754
4174 0.008750
4175 0.008746
4176 0.008742
4177 0.008738
4178 0.008734
4179 0.008730
4180 0.008727
4181 0.008723
4182 0.008719
4183 0.008715
4184 0.008711
4185 0.008707
4186 0.008703
4187 0.008700
4188 0.008696
4189 0.008692
4190 0.008688
4191 0.008684
4192 0.008680
4193 0.008677
4194 0.008673
4195 0.008669
4196 0.008665
4197 0.008661
4198 0.008658
4199 0.008654
4200 0.008650
4201 0.008646
4202 0.008642
4203 0.008639
4204 0.008635
4205 0.008631
4206 0.008627
4207 0.008623
4208 0.008620
4209 0.008616
4210 0.008612
4211 0.008608
4212 0.008604
4213 0.008601
4214 0.008597
4215 0.008593
4216 0.008589
4217 0.008586
4218 0.008582
4219 0.008578
4220 0.008574
4221 0.008570
4222 0.008567
4223 0.008563
4224 0.008559
4225 0.008555
4226 0.008552
4227 0.008548
4228 0.008544
4229 0.008540
4230 0.008537
4231 0.008533
4232 0.008529
4233 0.008525
4234 0.008522
4235 0.008518
4236 0.008514
4237 0.008511
4238 0.008507
4239 0.008503
4240 0.008499
4241 0.008496
4242 0.008492
4243 0.008488
4244 0.008485
4245 0.008481
4246 0.008477
4247 0.008473
4248 0.008470
4249 0.008466
4250 0.008462
4251 0.008459
4252 0.008455
4253 0.008451
4254 0.008448
4255 0.008444
4256 0.008440
4257 0.008437
4258 0.008433
4259 0.008429
4260 0.008425
4261 0.008422
4262 0.008418
4263 0.008414
4264 0.008411
4265 0.008407
4266 0.008403
4267 0.008400
4268 0.008396
4269 0.008393
4270 0.008389
4271 0.008385
4272 0.008382
4273 0.008378
4274 0.008374
4275 0.008371
4276 0.008367
4277 0.008363
4278 0.008360
4279 0.008356
4280 0.008352
4281 0.008349
4282 0.008345
4283 0.008342
4284 0.008338
4285 0.008334
4286 0.008331
4287 0.008327
4288 0.008323
4289 0.008320
4290 0.008316
4291 0.008313
4292 0.008309
4293 0.008305
4294 0.008302
4295 0.008298
4296 0.008295
4297 0.008291
4298 0.008287
4299 0.008284
4300 0.008280
4301 0.008277
4302 0.008273
4303 0.008270
4304 0.008266
4305 0.008262
4306 0.008259
4307 0.008255
4308 0.008252
4309 0.008248
4310 0.008245
4311 0.008241
4312 0.008237
4313 0.008234
4314 0.008230
4315 0.008227
4316 0.008223
4317 0.008220
4318 0.008216
4319 0.008213
4320 0.008209
4321 0.008205
4322 0.008202
4323 0.008198
4324 0.008195
4325 0.008191
4326 0.008188
4327 0.008184
4328 0.008181
4329 0.008177
4330 0.008174
4331 0.008170
4332 0.008167
4333 0.008163
4334 0.008160
4335 0.008156
4336 0.008153
4337 0.008149
4338 0.008146
4339 0.008142
4340 0.008139
4341 0.008135
4342 0.008132
4343 0.008128
4344 0.008125
4345 0.008121
4346 0.008118
4347 0.008114
4348 0.008111
4349 0.008107
4350 0.008104
4351 0.008100
4352 0.008097
4353 0.008093
4354 0.008090
4355 0.008086
4356 0.008083
4357 0.008079
4358 0.008076
4359 0.008072
4360 0.008069
4361 0.008066
4362 0.008062
4363 0.008059
4364 0.008055
4365 0.008052
4366 0.008048
4367 0.008045
4368 0.008041
4369 0.008038
4370 0.008034
4371 0.008031
4372 0.008028
4373 0.008024
4374 0.008021
4375 0.008017
4376 0.008014
4377 0.008010
4378 0.008007
4379 0.008004
4380 0.008000
4381 0.007997
4382 0.007993
4383 0.007990
4384 0.007987
4385 0.007983
4386 0.007980
4387 0.007976
4388 0.007973
4389 0.007969
4390 0.007966
4391 0.007963
4392 0.007959
4393 0.007956
4394 0.007953
4395 0.007949
4396 0.007946
4397 0.007942
4398 0.007939
4399 0.007936
4400 0.007932
4401 0.007929
4402 0.007925
4403 0.007922
4404 0.007919
4405 0.007915
4406 0.007912
4407 0.007909
4408 0.007905
4409 0.007902
4410 0.007899
4411 0.007895
4412 0.007892
4413 0.007888
4414 0.007885
4415 0.007882
4416 0.007878
4417 0.007875
4418 0.007872
4419 0.007868
4420 0.007865
4421 0.007862
4422 0.007858
4423 0.007855
4424 0.007852
4425 0.007848
4426 0.007845
4427 0.007842
4428 0.007838
4429 0.007835
4430 0.007832
4431 0.007828
4432 0.007825
4433 0.007822
4434 0.007818
4435 0.007815
4436 0.007812
4437 0.007809
4438 0.007805
4439 0.007802
4440 0.007799
4441 0.007795
4442 0.007792
4443 0.007789
4444 0.007785
4445 0.007782
4446 0.007779
4447 0.007776
4448 0.007772
4449 0.007769
4450 0.007766
4451 0.007762
4452 0.007759
4453 0.007756
4454 0.007753
4455 0.007749
4456 0.007746
4457 0.007743
4458 0.007740
4459 0.007736
4460 0.007733
4461 0.007730
4462 0.007726
4463 0.007723
4464 0.007720
4465 0.007717
4466 0.007713
4467 0.007710
4468 0.007707
4469 0.007704
4470 0.007700
4471 0.007697
4472 0.007694
4473 0.007691
4474 0.007688
4475 0.007684
4476 0.007681
4477 0.007678
4478 0.007675
4479 0.007671
4480 0.007668
4481 0.007665
4482 0.007662
4483 0.007658
4484 0.007655
4485 0.007652
4486 0.007649
4487 0.007646
4488 0.007642
4489 0.007639
4490 0.007636
4491 0.007633
4492 0.007630
4493 0.007626
4494 0.007623
4495 0.007620
4496 0.007617
4497 0.007614
4498 0.007610
4499 0.007607
4500 0.007604
4501 0.007601
4502 0.007598
4503 0.007595
4504 0.007591
4505 0.007588
4506 0.007585
4507 0.007582
4508 0.007579
4509 0.007575
4510 0.007572
4511 0.007569
4512 0.007566
4513 0.007563
4514 0.007560
4515 0.007556
4516 0.007553
4517 0.007550
4518 0.007547
4519 0.007544
4520 0.007541
4521 0.007538
4522 0.007534
4523 0.007531
4524 0.007528
4525 0.007525
4526 0.007522
4527 0.007519
4528 0.007516
4529 0.007512
4530 0.007509
4531 0.007506
4532 0.007503
4533 0.007500
4534 0.007497
4535 0.007494
4536 0.007491
4537 0.007487
4538 0.007484
4539 0.007481
4540 0.007478
4541 0.007475
4542 0.007472
4543 0.007469
4544 0.007466
4545 0.007463
4546 0.007459
4547 0.007456
4548 0.007453
4549 0.007450
4550 0.007447
4551 0.007444
4552 0.007441
4553 0.007438
4554 0.007435
4555 0.007432
4556 0.007428
4557 0.007425
4558 0.007422
4559 0.007419
4560 0.007416
4561 0.007413
4562 0.007410
4563 0.007407
4564 0.007404
4565 0.007401
4566 0.007398
4567 0.007395
4568 0.007392
4569 0.007389
4570 0.007385
4571 0.007382
4572 0.007379
4573 0.007376
4574 0.007373
4575 0.007370
4576 0.007367
4577 0.007364
4578 0.007361
4579 0.007358
4580 0.007355
4581 0.007352
4582 0.007349
4583 0.007346
4584 0.007343
4585 0.007340
4586 0.007337
4587 0.007334
4588 0.007331
4589 0.007328
4590 0.007325
4591 0.007322
4592 0.007319
4593 0.007316
4594 0.007313
4595 0.007310
4596 0.007307
4597 0.007303
4598 0.007300
4599 0.007297
4600 0.007294
4601 0.007291
4602 0.007288
4603 0.007285
4604 0.007282
4605 0.007279
4606 0.007276
4607 0.007273
4608 0.007270
4609 0.007267
4610 0.007264
4611 0.007261
4612 0.007258
4613 0.007256
4614 0.007253
4615 0.007250
4616 0.007247
4617 0.007244
4618 0.007241
4619 0.007238
4620 0.007235
4621 0.007232
4622 0.007229
4623 0.007226
4624 0.007223
4625 0.007220
4626 0.007217
4627 0.007214
4628 0.007211
4629 0.007208
4630 0.007205
4631 0.007202
4632 0.007199
4633 0.007196
4634 0.007193
4635 0.007190
4636 0.007187
4637 0.007184
4638 0.007181
4639 0.007178
4640 0.007176
4641 0.007173
4642 0.007170
4643 0.007167
4644 0.007164
4645 0.007161
4646 0.007158
4647 0.007155
4648 0.007152
4649 0.007149
4650 0.007146
4651 0.007143
4652 0.007140
4653 0.007137
4654 0.007135
4655 0.007132
4656 0.007129
4657 0.007126
4658 0.007123
4659 0.007120
4660 0.007117
4661 0.007114
4662 0.007111
4663 0.007108
4664 0.007105
4665 0.007103
4666 0.007100
4667 0.007097
4668 0.007094
4669 0.007091
4670 0.007088
4671 0.007085
4672 0.007082
4673 0.007079
4674 0.007077
4675 0.007074
4676 0.007071
4677 0.007068
4678 0.007065
4679 0.007062
4680 0.007059
4681 0.007056
4682 0.007054
4683 0.007051
4684 0.007048
4685 0.007045
4686 0.007042
4687 0.007039
4688 0.007036
4689 0.007034
4690 0.007031
4691 0.007028
4692 0.007025
4693 0.007022
4694 0.007019
4695 0.007016
4696 0.007014
4697 0.007011
4698 0.007008
4699 0.007005
4700 0.007002
4701 0.006999
4702 0.006996
4703 0.006994
4704 0.006991
4705 0.006988
4706 0.006985
4707 0.006982
4708 0.006979
4709 0.006977
4710 0.006974
4711 0.006971
4712 0.006968
4713 0.006965
4714 0.006963
4715 0.006960
4716 0.006957
4717 0.006954
4718 0.006951
4719 0.006948
4720 0.006946
4721 0.006943
4722 0.006940
4723 0.006937
4724 0.006934
4725 0.006932
4726 0.006929
4727 0.006926
4728 0.006923
4729 0.006920
4730 0.006918
4731 0.006915
4732 0.006912
4733 0.006909
4734 0.006907
4735 0.006904
4736 0.006901
4737 0.006898
4738 0.006895
4739 0.006893
4740 0.006890
4741 0.006887
4742 0.006884
4743 0.006881
4744 0.006879
4745 0.006876
4746 0.006873
4747 0.006870
4748 0.006868
4749 0.006865
4750 0.006862
4751 0.006859
4752 0.006857
4753 0.006854
4754 0.006851
4755 0.006848
4756 0.006846
4757 0.006843
4758 0.006840
4759 0.006837
4760 0.006835
4761 0.006832
4762 0.006829
4763 0.006826
4764 0.006824
4765 0.006821
4766 0.006818
4767 0.006815
4768 0.006813
4769 0.006810
4770 0.006807
4771 0.006804
4772 0.006802
4773 0.006799
4774 0.006796
4775 0.006794
4776 0.006791
4777 0.006788
4778 0.006785
4779 0.006783
4780 0.006780
4781 0.006777
4782 0.006775
4783 0.006772
4784 0.006769
4785 0.006766
4786 0.006764
4787 0.006761
4788 0.006758
4789 0.006756
4790 0.006753
4791 0.006750
4792 0.006748
4793 0.006745
4794 0.006742
4795 0.006739
4796 0.006737
4797 0.006734
4798 0.006731
4799 0.006729
4800 0.006726
4801 0.006723
4802 0.006721
4803 0.006718
4804 0.006715
4805 0.006713
4806 0.006710
4807 0.006707
4808 0.006705
4809 0.006702
4810 0.006699
4811 0.006697
4812 0.006694
4813 0.006691
4814 0.006689
4815 0.006686
4816 0.006683
4817 0.006681
4818 0.006678
4819 0.006675
4820 0.006673
4821 0.006670
4822 0.006667
4823 0.006665
4824 0.006662
4825 0.006659
4826 0.006657
4827 0.006654
4828 0.006651
4829 0.006649
4830 0.006646
4831 0.006643
4832 0.006641
4833 0.006638
4834 0.006636
4835 0.006633
4836 0.006630
4837 0.006628
4838 0.006625
4839 0.006622
4840 0.006620
4841 0.006617
4842 0.006615
4843 0.006612
4844 0.006609
4845 0.006607
4846 0.006604
4847 0.006601
4848 0.006599
4849 0.006596
4850 0.006594
4851 0.006591
4852 0.006588
4853 0.006586
4854 0.006583
4855 0.006581
4856 0.006578
4857 0.006575
4858 0.006573
4859 0.006570
4860 0.006568
4861 0.006565
4862 0.006562
4863 0.006560
4864 0.006557
4865 0.006555
4866 0.006552
4867 0.006549
4868 0.006547
4869 0.006544
4870 0.006542
4871 0.006539
4872 0.006536
4873 0.006534
4874 0.006531
4875 0.006529
4876 0.006526
4877 0.006524
4878 0.006521
4879 0.006518
4880 0.006516
4881 0.006513
4882 0.006511
4883 0.006508
4884 0.006506
4885 0.006503
4886 0.006501
4887 0.006498
4888 0.006495
4889 0.006493
4890 0.006490
4891 0.006488
4892 0.006485
4893 0.006483
4894 0.006480
4895 0.006478
4896 0.006475
4897 0.006472
4898 0.006470
4899 0.006467
4900 0.006465
4901 0.006462
4902 0.006460
4903 0.006457
4904 0.006455
4905 0.006452
4906 0.006450
4907 0.006447
4908 0.006445
4909 0.006442
4910 0.006440
4911 0.006437
4912 0.006434
4913 0.006432
4914 0.006429
4915 0.006427
4916 0.006424
4917 0.006422
4918 0.006419
4919 0.006417
4920 0.006414
4921 0.006412
4922 0.006409
4923 0.006407
4924 0.006404
4925 0.006402
4926 0.006399
4927 0.006397
4928 0.006394
4929 0.006392
4930 0.006389
4931 0.006387
4932 0.006384
4933 0.006382
4934 0.006379
4935 0.006377
4936 0.006374
4937 0.006372
4938 0.006369
4939 0.006367
4940 0.006364
4941 0.006362
4942 0.006359
4943 0.006357
4944 0.006354
4945 0.006352
4946 0.006349
4947 0.006347
4948 0.006345
4949 0.006342
4950 0.006340
4951 0.006337
4952 0.006335
4953 0.006332
4954 0.006330
4955 0.006327
4956 0.006325
4957 0.006322
4958 0.006320
4959 0.006317
4960 0.006315
4961 0.006312
4962 0.006310
4963 0.006308
4964 0.006305
4965 0.006303
4966 0.006300
4967 0.006298
4968 0.006295
4969 0.006293
4970 0.006290
4971 0.006288
4972 0.006286
4973 0.006283
4974 0.006281
4975 0.006278
4976 0.006276
4977 0.006273
4978 0.006271
4979 0.006269
4980 0.006266
4981 0.006264
4982 0.006261
4983 0.006259
4984 0.006256
4985 0.006254
4986 0.006252
4987 0.006249
4988 0.006247
4989 0.006244
4990 0.006242
4991 0.006239
4992 0.006237
4993 0.006235
4994 0.006232
4995 0.006230
4996 0.006227
4997 0.006225
4998 0.006223
4999 0.006220
