0 0.129027
1 0.128926
2 0.128844
3 0.128778
4 0.128724
5 0.128681
6 0.128646
7 0.128618
8 0.128595
9 0.128577
10 0.128562
11 0.128550
12 0.128540
13 0.128532
14 0.128525
15 0.128519
16 0.128515
17 0.128511
18 0.128508
19 0.128505
20 0.128503
21 0.128500
22 0.128499
23 0.128497
24 0.128496
25 0.128495
26 0.128493
27 0.128492
28 0.128491
29 0.128490
30 0.128489
31 0.128489
32 0.128488
33 0.128487
34 0.128486
35 0.128485
36 0.128485
37 0.128484
38 0.128483
39 0.128482
40 0.128482
41 0.128481
42 0.128480
43 0.128479
44 0.128479
45 0.128478
46 0.128477
47 0.128477
48 0.128476
49 0.128475
50 0.128474
51 0.128474
52 0.128473
53 0.128472
54 0.128472
55 0.128471
56 0.128470
57 0.128469
58 0.128469
59 0.128468
60 0.128467
61 0.128467
62 0.128466
63 0.128465
64 0.128464
65 0.128464
66 0.128463
67 0.128462
68 0.128462
69 0.128461
70 0.128460
71 0.128460
72 0.128459
73 0.128458
74 0.128457
75 0.128457
76 0.128456
77 0.128455
78 0.128455
79 0.128454
80 0.128453
81 0.128453
82 0.128452
83 0.128451
84 0.128450
85 0.128450
86 0.128449
87 0.128448
88 0.128448
89 0.128447
90 0.128446
91 0.128446
92 0.128445
93 0.128444
94 0.128444
95 0.128443
96 0.128442
97 0.128441
98 0.128441
99 0.128440
100 0.128439
101 0.128439
102 0.128438
103 0.128437
104 0.128437
105 0.128436
106 0.128435
107 0.128435
108 0.128434
109 0.128433
110 0.128433
111 0.128432
112 0.128431
113 0.128430
114 0.128430
115 0.128429
116 0.128428
117 0.128428
118 0.128427
119 0.128426
120 0.128426
121 0.128425
122 0.128424
123 0.128424
124 0.128423
125 0.128422
126 0.128422
127 0.128421
128 0.128420
129 0.128420
130 0.128419
131 0.128418
132 0.128418
133 0.128417
134 0.128416
135 0.128416
136 0.128415
137 0.128414
138 0.128413
139 0.128413
140 0.128412
141 0.128411
142 0.128411
143 0.128410
144 0.128409
145 0.128409
146 0.128408
147 0.128407
148 0.128407
149 0.128406
150 0.128405
151 0.128405
152 0.128404
153 0.128403
154 0.128403
155 0.128402
156 0.128401
157 0.128401
158 0.128400
159 0.128399
160 0.128399
161 0.128398
162 0.128397
163 0.128397
164 0.128396
165 0.128395
166 0.128395
167 0.128394
168 0.128393
169 0.128393
170 0.128392
171 0.128392
172 0.128391
173 0.128390
174 0.128390
175 0.128389
176 0.128388
177 0.128388
178 0.128387
179 0.128386
180 0.128386
181 0.128385
182 0.128384
183 0.128384
184 0.128383
185 0.128382
186 0.128382
187 0.128381
188 0.128380
189 0.128380
190 0.128379
191 0.128378
192 0.128378
193 0.128377
194 0.128376
195 0.128376
196 0.128375
197 0.128374
198 0.128374
199 0.128373
200 0.128373
201 0.128372
202 0.128371
203 0.128371
204 0.128370
205 0.128369
206 0.128369
207 0.128368
208 0.128367
209 0.128367
210 0.128366
211 0.128365
212 0.128365
213 0.128364
214 0.128364
215 0.128363
216 0.128362
217 0.128362
218 0.128361
219 0.128360
220 0.128360
221 0.128359
222 0.128358
223 0.128358
224 0.128357
225 0.128357
226 0.128356
227 0.128355
228 0.128355
229 0.128354
230 0.128353
231 0.128353
232 0.128352
233 0.128351
234 0.128351
235 0.128350
236 0.128350
237 0.128349
238 0.128348
239 0.128348
240 0.128347
241 0.128346
242 0.128346
243 0.128345
244 0.128345
245 0.128344
246 0.128343
247 0.128343
248 0.128342
249 0.128341
250 0.128341
251 0.128340
252 0.128340
253 0.128339
254 0.128338
255 0.128338
256 0.128337
257 0.128336
258 0.128336
259 0.128335
260 0.128335
261 0.128334
262 0.128333
263 0.128333
264 0.128332
265 0.128331
266 0.128331
267 0.128330
268 0.128330
269 0.128329
270 0.128328
271 0.128328
272 0.128327
273 0.128327
274 0.128326
275 0.128325
276 0.128325
277 0.128324
278 0.128323
279 0.128323
280 0.128322
281 0.128322
282 0.128321
283 0.128320
284 0.128320
285 0.128319
286 0.128319
287 0.128318
288 0.128317
289 0.128317
290 0.128316
291 0.128316
292 0.128315
293 0.128314
294 0.128314
295 0.128313
296 0.128312
297 0.128312
298 0.128311
299 0.128311
300 0.128310
301 0.128309
302 0.128309
303 0.128308
304 0.128308
305 0.128307
306 0.128306
307 0.128306
308 0.128305
309 0.128305
310 0.128304
311 0.128303
312 0.128303
313 0.128302
314 0.128302
315 0.128301
316 0.128300
317 0.128300
318 0.128299
319 0.128299
320 0.128298
321 0.128298
322 0.128297
323 0.128296
324 0.128296
325 0.128295
326 0.128295
327 0.128294
328 0.128293
329 0.128293
330 0.128292
331 0.128292
332 0.128291
333 0.128290
334 0.128290
335 0.128289
336 0.128289
337 0.128288
338 0.128287
339 0.128287
340 0.128286
341 0.128286
342 0.128285
343 0.128285
344 0.128284
345 0.128283
346 0.128283
347 0.128282
348 0.128282
349 0.128281
350 0.128280
351 0.128280
352 0.128279
353 0.128279
354 0.128278
355 0.128278
356 0.128277
357 0.128276
358 0.128276
359 0.128275
360 0.128275
361 0.128274
362 0.128274
363 0.128273
364 0.128272
365 0.128272
366 0.128271
367 0.128271
368 0.128270
369 0.128270
370 0.128269
371 0.128268
372 0.128268
373 0.128267
374 0.128267
375 0.128266
376 0.128266
377 0.128265
378 0.128264
379 0.128264
380 0.128263
381 0.128263
382 0.128262
383 0.128262
384 0.128261
385 0.128260
386 0.128260
387 0.128259
388 0.128259
389 0.128258
390 0.128258
391 0.128257
392 0.128256
393 0.128256
394 0.128255
395 0.128255
396 0.128254
397 0.128254
398 0.128253
399 0.128253
400 0.128252
401 0.128251
402 0.128251
403 0.128250
404 0.128250
405 0.128249
406 0.128249
407 0.128248
408 0.128248
409 0.128247
410 0.128246
411 0.128246
412 0.128245
413 0.128245
414 0.128244
415 0.128244
416 0.128243
417 0.128243
418 0.128242
419 0.128241
420 0.128241
421 0.128240
422 0.128240
423 0.128239
424 0.128239
425 0.128238
426 0.128238
427 0.128237
428 0.128237
429 0.128236
430 0.128235
431 0.128235
432 0.128234
433 0.128234
434 0.128233
435 0.128233
436 0.128232
437 0.128232
438 0.128231
439 0.128231
440 0.128230
441 0.128229
442 0.128229
443 0.128228
444 0.128228
445 0.128227
446 0.128227
447 0.128226
448 0.128226
449 0.128225
450 0.128225
451 0.128224
452 0.128224
453 0.128223
454 0.128222
455 0.128222
456 0.128221
457 0.128221
458 0.128220
459 0.128220
460 0.128219
461 0.128219
462 0.128218
463 0.128218
464 0.128217
465 0.128217
466 0.128216
467 0.128215
468 0.128215
469 0.128214
470 0.128214
471 0.128213
472 0.128213
473 0.128212
474 0.128212
475 0.128211
476 0.128211
477 0.128210
478 0.128210
479 0.128209
480 0.128209
481 0.128208
482 0.128208
483 0.128207
484 0.128207
485 0.128206
486 0.128205
487 0.128205
488 0.128204
489 0.128204
490 0.128203
491 0.128203
492 0.128202
493 0.128202
494 0.128201
495 0.128201
496 0.128200
497 0.128200
498 0.128199
499 0.128199
500 0.128198
501 0.128198
502 0.128197
503 0.128197
504 0.128196
505 0.128196
506 0.128195
507 0.128195
508 0.128194
509 0.128194
510 0.128193
511 0.128193
512 0.128192
513 0.128192
514 0.128191
515 0.128190
516 0.128190
517 0.128189
518 0.128189
519 0.128188
520 0.128188
521 0.128187
522 0.128187
523 0.128186
524 0.128186
525 0.128185
526 0.128185
527 0.128184
528 0.128184
529 0.128183
530 0.128183
531 0.128182
532 0.128182
533 0.128181
534 0.128181
535 0.128180
536 0.128180
537 0.128179
538 0.128179
539 0.128178
540 0.128178
541 0.128177
542 0.128177
543 0.128176
544 0.128176
545 0.128175
546 0.128175
547 0.128174
548 0.128174
549 0.128173
550 0.128173
551 0.128172
552 0.128172
553 0.128171
554 0.128171
555 0.128170
556 0.128170
557 0.128169
558 0.128169
559 0.128168
560 0.128168
561 0.128167
562 0.128167
563 0.128166
564 0.128166
565 0.128165
566 0.128165
567 0.128164
568 0.128164
569 0.128163
570 0.128163
571 0.128162
572 0.128162
573 0.128161
574 0.128161
575 0.128160
576 0.128160
577 0.128160
578 0.128159
579 0.128159
580 0.128158
581 0.128158
582 0.128157
583 0.128157
584 0.128156
585 0.128156
586 0.128155
587 0.128155
588 0.128154
589 0.128154
590 0.128153
591 0.128153
592 0.128152
593 0.128152
594 0.128151
595 0.128151
596 0.128150
597 0.128150
598 0.128149
599 0.128149
600 0.128148
601 0.128148
602 0.128147
603 0.128147
604 0.128146
605 0.128146
606 0.128146
607 0.128145
608 0.128145
609 0.128144
610 0.128144
611 0.128143
612 0.128143
613 0.128142
614 0.128142
615 0.128141
616 0.128141
617 0.128140
618 0.128140
619 0.128139
620 0.128139
621 0.128138
622 0.128138
623 0.128137
624 0.128137
625 0.128137
626 0.128136
627 0.128136
628 0.128135
629 0.128135
630 0.128134
631 0.128134
632 0.128133
633 0.128133
634 0.128132
635 0.128132
636 0.128131
637 0.128131
638 0.128130
639 0.128130
640 0.128129
641 0.128129
642 0.128129
643 0.128128
644 0.128128
645 0.128127
646 0.128127
647 0.128126
648 0.128126
649 0.128125
650 0.128125
651 0.128124
652 0.128124
653 0.128123
654 0.128123
655 0.128123
656 0.128122
657 0.128122
658 0.128121
659 0.128121
660 0.128120
661 0.128120
662 0.128119
663 0.128119
664 0.128118
665 0.128118
666 0.128118
667 0.128117
668 0.128117
669 0.128116
670 0.128116
671 0.128115
672 0.128115
673 0.128114
674 0.128114
675 0.128113
676 0.128113
677 0.128112
678 0.128112
679 0.128112
680 0.128111
681 0.128111
682 0.128110
683 0.128110
684 0.128109
685 0.128109
686 0.128108
687 0.128108
688 0.128108
689 0.128107
690 0.128107
691 0.128106
692 0.128106
693 0.128105
694 0.128105
695 0.128104
696 0.128104
697 0.128103
698 0.128103
699 0.128103
700 0.128102
701 0.128102
702 0.128101
703 0.128101
704 0.128100
705 0.128100
706 0.128099
707 0.128099
708 0.128099
709 0.128098
710 0.128098
711 0.128097
712 0.128097
713 0.128096
714 0.128096
715 0.128095
716 0.128095
717 0.128095
718 0.128094
719 0.128094
720 0.128093
721 0.128093
722 0.128092
723 0.128092
724 0.128092
725 0.128091
726 0.128091
727 0.128090
728 0.128090
729 0.128089
730 0.128089
731 0.128088
732 0.128088
733 0.128088
734 0.128087
735 0.128087
736 0.128086
737 0.128086
738 0.128085
739 0.128085
740 0.128085
741 0.128084
742 0.128084
743 0.128083
744 0.128083
745 0.128082
746 0.128082
747 0.128081
748 0.128081
749 0.128081
750 0.128080
751 0.128080
752 0.128079
753 0.128079
754 0.128078
755 0.128078
756 0.128078
757 0.128077
758 0.128077
759 0.128076
760 0.128076
761 0.128075
762 0.128075
763 0.128075
764 0.128074
765 0.128074
766 0.128073
767 0.128073
768 0.128072
769 0.128072
770 0.128072
771 0.128071
772 0.128071
773 0.128070
774 0.128070
775 0.128069
776 0.128069
777 0.128069
778 0.128068
779 0.128068
780 0.128067
781 0.128067
782 0.128066
783 0.128066
784 0.128066
785 0.128065
786 0.128065
787 0.128064
788 0.128064
789 0.128064
790 0.128063
791 0.128063
792 0.128062
793 0.128062
794 0.128061
795 0.128061
796 0.128061
797 0.128060
798 0.128060
799 0.128059
800 0.128059
801 0.128058
802 0.128058
803 0.128058
804 0.128057
805 0.128057
806 0.128056
807 0.128056
808 0.128056
809 0.128055
810 0.128055
811 0.128054
812 0.128054
813 0.128053
814 0.128053
815 0.128053
816 0.128052
817 0.128052
818 0.128051
819 0.128051
820 0.128051
821 0.128050
822 0.128050
823 0.128049
824 0.128049
825 0.128048
826 0.128048
827 0.128048
828 0.128047
829 0.128047
830 0.128046
831 0.128046
832 0.128046
833 0.128045
834 0.128045
835 0.128044
836 0.128044
837 0.128044
838 0.128043
839 0.128043
840 0.128042
841 0.128042
842 0.128041
843 0.128041
844 0.128041
845 0.128040
846 0.128040
847 0.128039
848 0.128039
849 0.128039
850 0.128038
851 0.128038
852 0.128037
853 0.128037
854 0.128037
855 0.128036
856 0.128036
857 0.128035
858 0.128035
859 0.128035
860 0.128034
861 0.128034
862 0.128033
863 0.128033
864 0.128032
865 0.128032
866 0.128032
867 0.128031
868 0.128031
869 0.128030
870 0.128030
871 0.128030
872 0.128029
873 0.128029
874 0.128028
875 0.128028
876 0.128028
877 0.128027
878 0.128027
879 0.128026
880 0.128026
881 0.128026
882 0.128025
883 0.128025
884 0.128024
885 0.128024
886 0.128024
887 0.128023
888 0.128023
889 0.128022
890 0.128022
891 0.128022
892 0.128021
893 0.128021
894 0.128020
895 0.128020
896 0.128020
897 0.128019
898 0.128019
899 0.128018
900 0.128018
901 0.128018
902 0.128017
903 0.128017
904 0.128016
905 0.128016
906 0.128016
907 0.128015
908 0.128015
909 0.128014
910 0.128014
911 0.128014
912 0.128013
913 0.128013
914 0.128012
915 0.128012
916 0.128012
917 0.128011
918 0.128011
919 0.128010
920 0.128010
921 0.128010
922 0.128009
923 0.128009
924 0.128008
925 0.128008
926 0.128008
927 0.128007
928 0.128007
929 0.128006
930 0.128006
931 0.128006
932 0.128005
933 0.128005
934 0.128004
935 0.128004
936 0.128004
937 0.128003
938 0.128003
939 0.128002
940 0.128002
941 0.128002
942 0.128001
943 0.128001
944 0.128000
945 0.128000
946 0.128000
947 0.127999
948 0.127999
949 0.127998
950 0.127998
951 0.127998
952 0.127997
953 0.127997
954 0.127996
955 0.127996
956 0.127996
957 0.127995
958 0.127995
959 0.127995
960 0.127994
961 0.127994
962 0.127993
963 0.127993
964 0.127993
965 0.127992
966 0.127992
967 0.127991
968 0.127991
969 0.127991
970 0.127990
971 0.127990
972 0.127989
973 0.127989
974 0.127989
975 0.127988
976 0.127988
977 0.127987
978 0.127987
979 0.127987
980 0.127986
981 0.127986
982 0.127985
983 0.127985
984 0.127985
985 0.127984
986 0.127984
987 0.127984
988 0.127983
989 0.127983
990 0.127982
991 0.127982
992 0.127982
993 0.127981
994 0.127981
995 0.127980
996 0.127980
997 0.127980
998 0.127979
999 0.127979
1000 0.127978
1001 0.127978
1002 0.127978
1003 0.127977
1004 0.127977
1005 0.127976
1006 0.127976
1007 0.127976
1008 0.127975
1009 0.127975
1010 0.127975
1011 0.127974
1012 0.127974
1013 0.127973
1014 0.127973
1015 0.127973
1016 0.127972
1017 0.127972
1018 0.127971
1019 0.127971
1020 0.127971
1021 0.127970
1022 0.127970
1023 0.127969
1024 0.127969
1025 0.127969
1026 0.127968
1027 0.127968
1028 0.127967
1029 0.127967
1030 0.127967
1031 0.127966
1032 0.127966
1033 0.127966
1034 0.127965
1035 0.127965
1036 0.127964
1037 0.127964
1038 0.127964
1039 0.127963
1040 0.127963
1041 0.127962
1042 0.127962
1043 0.127962
1044 0.127961
1045 0.127961
1046 0.127960
1047 0.127960
1048 0.127960
1049 0.127959
1050 0.127959
1051 0.127959
1052 0.127958
1053 0.127958
1054 0.127957
1055 0.127957
1056 0.127957
1057 0.127956
1058 0.127956
1059 0.127955
1060 0.127955
1061 0.127955
1062 0.127954
1063 0.127954
1064 0.127953
1065 0.127953
1066 0.127953
1067 0.127952
1068 0.127952
1069 0.127951
1070 0.127951
1071 0.127951
1072 0.127950
1073 0.127950
1074 0.127950
1075 0.127949
1076 0.127949
1077 0.127948
1078 0.127948
1079 0.127948
1080 0.127947
1081 0.127947
1082 0.127946
1083 0.127946
1084 0.127946
1085 0.127945
1086 0.127945
1087 0.127944
1088 0.127944
1089 0.127944
1090 0.127943
1091 0.127943
1092 0.127942
1093 0.127942
1094 0.127942
1095 0.127941
1096 0.127941
1097 0.127941
1098 0.127940
1099 0.127940
1100 0.127939
1101 0.127939
1102 0.127939
1103 0.127938
1104 0.127938
1105 0.127937
1106 0.127937
1107 0.127937
1108 0.127936
1109 0.127936
1110 0.127935
1111 0.127935
1112 0.127935
1113 0.127934
1114 0.127934
1115 0.127933
1116 0.127933
1117 0.127933
1118 0.127932
1119 0.127932
1120 0.127931
1121 0.127931
1122 0.127931
1123 0.127930
1124 0.127930
1125 0.127929
1126 0.127929
1127 0.127929
1128 0.127928
1129 0.127928
1130 0.127927
1131 0.127927
1132 0.127927
1133 0.127926
1134 0.127926
1135 0.127925
1136 0.127925
1137 0.127925
1138 0.127924
1139 0.127924
1140 0.127923
1141 0.127923
1142 0.127923
1143 0.127922
1144 0.127922
1145 0.127921
1146 0.127921
1147 0.127921
1148 0.127920
1149 0.127920
1150 0.127919
1151 0.127919
1152 0.127919
1153 0.127918
1154 0.127918
1155 0.127917
1156 0.127917
1157 0.127917
1158 0.127916
1159 0.127916
1160 0.127915
1161 0.127915
1162 0.127915
1163 0.127914
1164 0.127914
1165 0.127913
1166 0.127913
1167 0.127913
1168 0.127912
1169 0.127912
1170 0.127911
1171 0.127911
1172 0.127911
1173 0.127910
1174 0.127910
1175 0.127909
1176 0.127909
1177 0.127909
1178 0.127908
1179 0.127908
1180 0.127907
1181 0.127907
1182 0.127907
1183 0.127906
1184 0.127906
1185 0.127905
1186 0.127905
1187 0.127905
1188 0.127904
1189 0.127904
1190 0.127903
1191 0.127903
1192 0.127902
1193 0.127902
1194 0.127902
1195 0.127901
1196 0.127901
1197 0.127900
1198 0.127900
1199 0.127900
1200 0.127899
1201 0.127899
1202 0.127898
1203 0.127898
1204 0.127898
1205 0.127897
1206 0.127897
1207 0.127896
1208 0.127896
1209 0.127895
1210 0.127895
1211 0.127895
1212 0.127894
1213 0.127894
1214 0.127893
1215 0.127893
1216 0.127893
1217 0.127892
1218 0.127892
1219 0.127891
1220 0.127891
1221 0.127890
1222 0.127890
1223 0.127890
1224 0.127889
1225 0.127889
1226 0.127888
1227 0.127888
1228 0.127888
1229 0.127887
1230 0.127887
1231 0.127886
1232 0.127886
1233 0.127885
1234 0.127885
1235 0.127885
1236 0.127884
1237 0.127884
1238 0.127883
1239 0.127883
1240 0.127882
1241 0.127882
1242 0.127882
1243 0.127881
1244 0.127881
1245 0.127880
1246 0.127880
1247 0.127879
1248 0.127879
1249 0.127879
1250 0.127878
1251 0.127878
1252 0.127877
1253 0.127877
1254 0.127876
1255 0.127876
1256 0.127876
1257 0.127875
1258 0.127875
1259 0.127874
1260 0.127874
1261 0.127873
1262 0.127873
1263 0.127873
1264 0.127872
1265 0.127872
1266 0.127871
1267 0.127871
1268 0.127870
1269 0.127870
1270 0.127869
1271 0.127869
1272 0.127869
1273 0.127868
1274 0.127868
1275 0.127867
1276 0.127867
1277 0.127866
1278 0.127866
1279 0.127865
1280 0.127865
1281 0.127865
1282 0.127864
1283 0.127864
1284 0.127863
1285 0.127863
1286 0.127862
1287 0.127862
1288 0.127861
1289 0.127861
1290 0.127861
1291 0.127860
1292 0.127860
1293 0.127859
1294 0.127859
1295 0.127858
1296 0.127858
1297 0.127857
1298 0.127857
1299 0.127857
1300 0.127856
1301 0.127856
1302 0.127855
1303 0.127855
1304 0.127854
1305 0.127854
1306 0.127853
1307 0.127853
1308 0.127852
1309 0.127852
1310 0.127852
1311 0.127851
1312 0.127851
1313 0.127850
1314 0.127850
1315 0.127849
1316 0.127849
1317 0.127848
1318 0.127848
1319 0.127847
1320 0.127847
1321 0.127846
1322 0.127846
1323 0.127845
1324 0.127845
1325 0.127845
1326 0.127844
1327 0.127844
1328 0.127843
1329 0.127843
1330 0.127842
1331 0.127842
1332 0.127841
1333 0.127841
1334 0.127840
1335 0.127840
1336 0.127839
1337 0.127839
1338 0.127838
1339 0.127838
1340 0.127837
1341 0.127837
1342 0.127836
1343 0.127836
1344 0.127835
1345 0.127835
1346 0.127834
1347 0.127834
1348 0.127834
1349 0.127833
1350 0.127833
1351 0.127832
1352 0.127832
1353 0.127831
1354 0.127831
1355 0.127830
1356 0.127830
1357 0.127829
1358 0.127829
1359 0.127828
1360 0.127828
1361 0.127827
1362 0.127827
1363 0.127826
1364 0.127826
1365 0.127825
1366 0.127825
1367 0.127824
1368 0.127824
1369 0.127823
1370 0.127823
1371 0.127822
1372 0.127822
1373 0.127821
1374 0.127821
1375 0.127820
1376 0.127820
1377 0.127819
1378 0.127819
1379 0.127818
1380 0.127817
1381 0.127817
1382 0.127816
1383 0.127816
1384 0.127815
1385 0.127815
1386 0.127814
1387 0.127814
1388 0.127813
1389 0.127813
1390 0.127812
1391 0.127812
1392 0.127811
1393 0.127811
1394 0.127810
1395 0.127810
1396 0.127809
1397 0.127809
1398 0.127808
1399 0.127808
1400 0.127807
1401 0.127806
1402 0.127806
1403 0.127805
1404 0.127805
1405 0.127804
1406 0.127804
1407 0.127803
1408 0.127803
1409 0.127802
1410 0.127802
1411 0.127801
1412 0.127801
1413 0.127800
1414 0.127799
1415 0.127799
1416 0.127798
1417 0.127798
1418 0.127797
1419 0.127797
1420 0.127796
1421 0.127796
1422 0.127795
1423 0.127794
1424 0.127794
1425 0.127793
1426 0.127793
1427 0.127792
1428 0.127792
1429 0.127791
1430 0.127790
1431 0.127790
1432 0.127789
1433 0.127789
1434 0.127788
1435 0.127788
1436 0.127787
1437 0.127786
1438 0.127786
1439 0.127785
1440 0.127785
1441 0.127784
1442 0.127784
1443 0.127783
1444 0.127782
1445 0.127782
1446 0.127781
1447 0.127781
1448 0.127780
1449 0.127779
1450 0.127779
1451 0.127778
1452 0.127778
1453 0.127777
1454 0.127776
1455 0.127776
1456 0.127775
1457 0.127775
1458 0.127774
1459 0.127773
1460 0.127773
1461 0.127772
1462 0.127772
1463 0.127771
1464 0.127770
1465 0.127770
1466 0.127769
1467 0.127768
1468 0.127768
1469 0.127767
1470 0.127767
1471 0.127766
1472 0.127765
1473 0.127765
1474 0.127764
1475 0.127763
1476 0.127763
1477 0.127762
1478 0.127762
1479 0.127761
1480 0.127760
1481 0.127760
1482 0.127759
1483 0.127758
1484 0.127758
1485 0.127757
1486 0.127756
1487 0.127756
1488 0.127755
1489 0.127754
1490 0.127754
1491 0.127753
1492 0.127752
1493 0.127752
1494 0.127751
1495 0.127750
1496 0.127750
1497 0.127749
1498 0.127748
1499 0.127748
1500 0.127747
1501 0.127746
1502 0.127746
1503 0.127745
1504 0.127744
1505 0.127744
1506 0.127743
1507 0.127742
1508 0.127742
1509 0.127741
1510 0.127740
1511 0.127739
1512 0.127739
1513 0.127738
1514 0.127737
1515 0.127737
1516 0.127736
1517 0.127735
1518 0.127735
1519 0.127734
1520 0.127733
1521 0.127732
1522 0.127732
1523 0.127731
1524 0.127730
1525 0.127729
1526 0.127729
1527 0.127728
1528 0.127727
1529 0.127727
1530 0.127726
1531 0.127725
1532 0.127724
1533 0.127724
1534 0.127723
1535 0.127722
1536 0.127721
1537 0.127721
1538 0.127720
1539 0.127719
1540 0.127718
1541 0.127718
1542 0.127717
1543 0.127716
1544 0.127715
1545 0.127714
1546 0.127714
1547 0.127713
1548 0.127712
1549 0.127711
1550 0.127711
1551 0.127710
1552 0.127709
1553 0.127708
1554 0.127707
1555 0.127707
1556 0.127706
1557 0.127705
1558 0.127704
1559 0.127703
1560 0.127702
1561 0.127702
1562 0.127701
1563 0.127700
1564 0.127699
1565 0.127698
1566 0.127698
1567 0.127697
1568 0.127696
1569 0.127695
1570 0.127694
1571 0.127693
1572 0.127693
1573 0.127692
1574 0.127691
1575 0.127690
1576 0.127689
1577 0.127688
1578 0.127687
1579 0.127686
1580 0.127686
1581 0.127685
1582 0.127684
1583 0.127683
1584 0.127682
1585 0.127681
1586 0.127680
1587 0.127679
1588 0.127678
1589 0.127678
1590 0.127677
1591 0.127676
1592 0.127675
1593 0.127674
1594 0.127673
1595 0.127672
1596 0.127671
1597 0.127670
1598 0.127669
1599 0.127668
1600 0.127667
1601 0.127667
1602 0.127666
1603 0.127665
1604 0.127664
1605 0.127663
1606 0.127662
1607 0.127661
1608 0.127660
1609 0.127659
1610 0.127658
1611 0.127657
1612 0.127656
1613 0.127655
1614 0.127654
1615 0.127653
1616 0.127652
1617 0.127651
1618 0.127650
1619 0.127649
1620 0.127648
1621 0.127647
1622 0.127646
1623 0.127645
1624 0.127644
1625 0.127643
1626 0.127642
1627 0.127641
1628 0.127640
1629 0.127639
1630 0.127638
1631 0.127637
1632 0.127635
1633 0.127634
1634 0.127633
1635 0.127632
1636 0.127631
1637 0.127630
1638 0.127629
1639 0.127628
1640 0.127627
1641 0.127626
1642 0.127625
1643 0.127623
1644 0.127622
1645 0.127621
1646 0.127620
1647 0.127619
1648 0.127618
1649 0.127617
1650 0.127616
1651 0.127614
1652 0.127613
1653 0.127612
1654 0.127611
1655 0.127610
1656 0.127609
1657 0.127607
1658 0.127606
1659 0.127605
1660 0.127604
1661 0.127603
1662 0.127601
1663 0.127600
1664 0.127599
1665 0.127598
1666 0.127597
1667 0.127595
1668 0.127594
1669 0.127593
1670 0.127592
1671 0.127590
1672 0.127589
1673 0.127588
1674 0.127587
1675 0.127585
1676 0.127584
1677 0.127583
1678 0.127581
1679 0.127580
1680 0.127579
1681 0.127578
1682 0.127576
1683 0.127575
1684 0.127574
1685 0.127572
1686 0.127571
1687 0.127570
1688 0.127568
1689 0.127567
1690 0.127565
1691 0.127564
1692 0.127563
1693 0.127561
1694 0.127560
1695 0.127559
1696 0.127557
1697 0.127556
1698 0.127554
1699 0.127553
1700 0.127551
1701 0.127550
1702 0.127549
1703 0.127547
1704 0.127546
1705 0.127544
1706 0.127543
1707 0.127541
1708 0.127540
1709 0.127538
1710 0.127537
1711 0.127535
1712 0.127534
1713 0.127532
1714 0.127531
1715 0.127529
1716 0.127528
1717 0.127526
1718 0.127525
1719 0.127523
1720 0.127521
1721 0.127520
1722 0.127518
1723 0.127517
1724 0.127515
1725 0.127513
1726 0.127512
1727 0.127510
1728 0.127509
1729 0.127507
1730 0.127505
1731 0.127504
1732 0.127502
1733 0.127500
1734 0.127499
1735 0.127497
1736 0.127495
1737 0.127493
1738 0.127492
1739 0.127490
1740 0.127488
1741 0.127486
1742 0.127485
1743 0.127483
1744 0.127481
1745 0.127479
1746 0.127478
1747 0.127476
1748 0.127474
1749 0.127472
1750 0.127470
1751 0.127468
1752 0.127467
1753 0.127465
1754 0.127463
1755 0.127461
1756 0.127459
1757 0.127457
1758 0.127455
1759 0.127453
1760 0.127451
1761 0.127449
1762 0.127448
1763 0.127446
1764 0.127444
1765 0.127442
1766 0.127440
1767 0.127438
1768 0.127436
1769 0.127434
1770 0.127432
1771 0.127430
1772 0.127427
1773 0.127425
1774 0.127423
1775 0.127421
1776 0.127419
1777 0.127417
1778 0.127415
1779 0.127413
1780 0.127411
1781 0.127408
1782 0.127406
1783 0.127404
1784 0.127402
1785 0.127400
1786 0.127397
1787 0.127395
1788 0.127393
1789 0.127391
1790 0.127388
1791 0.127386
1792 0.127384
1793 0.127382
1794 0.127379
1795 0.127377
1796 0.127375
1797 0.127372
1798 0.127370
1799 0.127367
1800 0.127365
1801 0.127363
1802 0.127360
1803 0.127358
1804 0.127355
1805 0.127353
1806 0.127350
1807 0.127348
1808 0.127345
1809 0.127343
1810 0.127340
1811 0.127338
1812 0.127335
1813 0.127332
1814 0.127330
1815 0.127327
1816 0.127325
1817 0.127322
1818 0.127319
1819 0.127317
1820 0.127314
1821 0.127311
1822 0.127309
1823 0.127306
1824 0.127303
1825 0.127300
1826 0.127297
1827 0.127295
1828 0.127292
1829 0.127289
1830 0.127286
1831 0.127283
1832 0.127280
1833 0.127277
1834 0.127275
1835 0.127272
1836 0.127269
1837 0.127266
1838 0.127263
1839 0.127260
1840 0.127257
1841 0.127254
1842 0.127250
1843 0.127247
1844 0.127244
1845 0.127241
1846 0.127238
1847 0.127235
1848 0.127232
1849 0.127228
1850 0.127225
1851 0.127222
1852 0.127219
1853 0.127215
1854 0.127212
1855 0.127209
1856 0.127206
1857 0.127202
1858 0.127199
1859 0.127195
1860 0.127192
1861 0.127189
1862 0.127185
1863 0.127182
1864 0.127178
1865 0.127175
1866 0.127171
1867 0.127167
1868 0.127164
1869 0.127160
1870 0.127157
1871 0.127153
1872 0.127149
1873 0.127145
1874 0.127142
1875 0.127138
1876 0.127134
1877 0.127130
1878 0.127127
1879 0.127123
1880 0.127119
1881 0.127115
1882 0.127111
1883 0.127107
1884 0.127103
1885 0.127099
1886 0.127095
1887 0.127091
1888 0.127087
1889 0.127083
1890 0.127079
1891 0.127075
1892 0.127070
1893 0.127066
1894 0.127062
1895 0.127058
1896 0.127053
1897 0.127049
1898 0.127045
1899 0.127040
1900 0.127036
1901 0.127032
1902 0.127027
1903 0.127023
1904 0.127018
1905 0.127014
1906 0.127009
1907 0.127004
1908 0.127000
1909 0.126995
1910 0.126990
1911 0.126986
1912 0.126981
1913 0.126976
1914 0.126971
1915 0.126966
1916 0.126962
1917 0.126957
1918 0.126952
1919 0.126947
1920 0.126942
1921 0.126937
1922 0.126932
1923 0.126926
1924 0.126921
1925 0.126916
1926 0.126911
1927 0.126906
1928 0.126900
1929 0.126895
1930 0.126890
1931 0.126884
1932 0.126879
1933 0.126874
1934 0.126868
1935 0.126863
1936 0.126857
1937 0.126851
1938 0.126846
1939 0.126840
1940 0.126834
1941 0.126829
1942 0.126823
1943 0.126817
1944 0.126811
1945 0.126805
1946 0.126799
1947 0.126793
1948 0.126787
1949 0.126781
1950 0.126775
1951 0.126769
1952 0.126763
1953 0.126757
1954 0.126750
1955 0.126744
1956 0.126738
1957 0.126731
1958 0.126725
1959 0.126718
1960 0.126712
1961 0.126705
1962 0.126699
1963 0.126692
1964 0.126685
1965 0.126678
1966 0.126672
1967 0.126665
1968 0.126658
1969 0.126651
1970 0.126644
1971 0.126637
1972 0.126630
1973 0.126623
1974 0.126616
1975 0.126608
1976 0.126601
1977 0.126594
1978 0.126586
1979 0.126579
1980 0.126571
1981 0.126564
1982 0.126556
1983 0.126549
1984 0.126541
1985 0.126533
1986 0.126526
1987 0.126518
1988 0.126510
1989 0.126502
1990 0.126494
1991 0.126486
1992 0.126478
1993 0.126470
1994 0.126461
1995 0.126453
1996 0.126445
1997 0.126436
1998 0.126428
1999 0.126419
2000 0.126411
2001 0.126402
2002 0.126394
2003 0.126385
2004 0.126376
2005 0.126367
2006 0.126358
2007 0.126349
2008 0.126340
2009 0.126331
2010 0.126322
2011 0.126313
2012 0.126304
2013 0.126294
2014 0.126285
2015 0.126275
2016 0.126266
2017 0.126256
2018 0.126246
2019 0.126237
2020 0.126227
2021 0.126217
2022 0.126207
2023 0.126197
2024 0.126187
2025 0.126177
2026 0.126167
2027 0.126156
2028 0.126146
2029 0.126136
2030 0.126125
2031 0.126115
2032 0.126104
2033 0.126093
2034 0.126082
2035 0.126072
2036 0.126061
2037 0.126050
2038 0.126038
2039 0.126027
2040 0.126016
2041 0.126005
2042 0.125993
2043 0.125982
2044 0.125970
2045 0.125959
2046 0.125947
2047 0.125935
2048 0.125923
2049 0.125911
2050 0.125899
2051 0.125887
2052 0.125875
2053 0.125863
2054 0.125850
2055 0.125838
2056 0.125825
2057 0.125813
2058 0.125800
2059 0.125787
2060 0.125774
2061 0.125761
2062 0.125748
2063 0.125735
2064 0.125722
2065 0.125709
2066 0.125695
2067 0.125682
2068 0.125668
2069 0.125654
2070 0.125641
2071 0.125627
2072 0.125613
2073 0.125599
2074 0.125585
2075 0.125570
2076 0.125556
2077 0.125542
2078 0.125527
2079 0.125512
2080 0.125498
2081 0.125483
2082 0.125468
2083 0.125453
2084 0.125438
2085 0.125422
2086 0.125407
2087 0.125391
2088 0.125376
2089 0.125360
2090 0.125344
2091 0.125329
2092 0.125313
2093 0.125297
2094 0.125280
2095 0.125264
2096 0.125248
2097 0.125231
2098 0.125214
2099 0.125198
2100 0.125181
2101 0.125164
2102 0.125147
2103 0.125129
2104 0.125112
2105 0.125095
2106 0.125077
2107 0.125059
2108 0.125042
2109 0.125024
2110 0.125006
2111 0.124988
2112 0.124969
2113 0.124951
2114 0.124932
2115 0.124914
2116 0.124895
2117 0.124876
2118 0.124857
2119 0.124838
2120 0.124819
2121 0.124799
2122 0.124780
2123 0.124760
2124 0.124740
2125 0.124720
2126 0.124700
2127 0.124680
2128 0.124660
2129 0.124639
2130 0.124619
2131 0.124598
2132 0.124577
2133 0.124556
2134 0.124535
2135 0.124514
2136 0.124493
2137 0.124471
2138 0.124449
2139 0.124428
2140 0.124406
2141 0.124384
2142 0.124361
2143 0.124339
2144 0.124316
2145 0.124294
2146 0.124271
2147 0.124248
2148 0.124225
2149 0.124201
2150 0.124178
2151 0.124154
2152 0.124131
2153 0.124107
2154 0.124083
2155 0.124059
2156 0.124034
2157 0.124010
2158 0.123985
2159 0.123960
2160 0.123935
2161 0.123910
2162 0.123885
2163 0.123859
2164 0.123834
2165 0.123808
2166 0.123782
2167 0.123756
2168 0.123730
2169 0.123703
2170 0.123677
2171 0.123650
2172 0.123623
2173 0.123596
2174 0.123569
2175 0.123541
2176 0.123513
2177 0.123486
2178 0.123458
2179 0.123430
2180 0.123401
2181 0.123373
2182 0.123344
2183 0.123315
2184 0.123286
2185 0.123257
2186 0.123227
2187 0.123198
2188 0.123168
2189 0.123138
2190 0.123108
2191 0.123078
2192 0.123047
2193 0.123016
2194 0.122986
2195 0.122955
2196 0.122923
2197 0.122892
2198 0.122860
2199 0.122828
2200 0.122796
2201 0.122764
2202 0.122732
2203 0.122699
2204 0.122666
2205 0.122633
2206 0.122600
2207 0.122567
2208 0.122533
2209 0.122499
2210 0.122465
2211 0.122431
2212 0.122397
2213 0.122362
2214 0.122327
2215 0.122292
2216 0.122257
2217 0.122221
2218 0.122186
2219 0.122150
2220 0.122114
2221 0.122077
2222 0.122041
2223 0.122004
2224 0.121967
2225 0.121930
2226 0.121893
2227 0.121855
2228 0.121817
2229 0.121779
2230 0.121741
2231 0.121703
2232 0.121664
2233 0.121625
2234 0.121586
2235 0.121546
2236 0.121507
2237 0.121467
2238 0.121427
2239 0.121387
2240 0.121346
2241 0.121306
2242 0.121265
2243 0.121224
2244 0.121182
2245 0.121141
2246 0.121099
2247 0.121057
2248 0.121014
2249 0.120972
2250 0.120929
2251 0.120886
2252 0.120843
2253 0.120799
2254 0.120755
2255 0.120711
2256 0.120667
2257 0.120623
2258 0.120578
2259 0.120533
2260 0.120488
2261 0.120443
2262 0.120397
2263 0.120351
2264 0.120305
2265 0.120259
2266 0.120212
2267 0.120165
2268 0.120118
2269 0.120071
2270 0.120023
2271 0.119975
2272 0.119927
2273 0.119879
2274 0.119830
2275 0.119781
2276 0.119732
2277 0.119683
2278 0.119633
2279 0.119584
2280 0.119534
2281 0.119483
2282 0.119433
2283 0.119382
2284 0.119331
2285 0.119279
2286 0.119228
2287 0.119176
2288 0.119124
2289 0.119072
2290 0.119019
2291 0.118966
2292 0.118913
2293 0.118860
2294 0.118806
2295 0.118753
2296 0.118698
2297 0.118644
2298 0.118590
2299 0.118535
2300 0.118480
2301 0.118424
2302 0.118369
2303 0.118313
2304 0.118257
2305 0.118201
2306 0.118144
2307 0.118087
2308 0.118030
2309 0.117973
2310 0.117915
2311 0.117857
2312 0.117799
2313 0.117741
2314 0.117683
2315 0.117624
2316 0.117565
2317 0.117505
2318 0.117446
2319 0.117386
2320 0.117326
2321 0.117266
2322 0.117205
2323 0.117145
2324 0.117084
2325 0.117022
2326 0.116961
2327 0.116899
2328 0.116837
2329 0.116775
2330 0.116713
2331 0.116650
2332 0.116587
2333 0.116524
2334 0.116461
2335 0.116397
2336 0.116333
2337 0.116269
2338 0.116205
2339 0.116141
2340 0.116076
2341 0.116011
2342 0.115946
2343 0.115881
2344 0.115815
2345 0.115749
2346 0.115683
2347 0.115617
2348 0.115551
2349 0.115484
2350 0.115417
2351 0.115350
2352 0.115283
2353 0.115215
2354 0.115148
2355 0.115080
2356 0.115012
2357 0.114943
2358 0.114875
2359 0.114806
2360 0.114737
2361 0.114668
2362 0.114599
2363 0.114530
2364 0.114460
2365 0.114390
2366 0.114320
2367 0.114250
2368 0.114180
2369 0.114109
2370 0.114038
2371 0.113968
2372 0.113897
2373 0.113825
2374 0.113754
2375 0.113682
2376 0.113611
2377 0.113539
2378 0.113467
2379 0.113395
2380 0.113322
2381 0.113250
2382 0.113177
2383 0.113105
2384 0.113032
2385 0.112959
2386 0.112885
2387 0.112812
2388 0.112739
2389 0.112665
2390 0.112591
2391 0.112518
2392 0.112444
2393 0.112370
2394 0.112295
2395 0.112221
2396 0.112147
2397 0.112072
2398 0.111997
2399 0.111923
2400 0.111848
2401 0.111773
2402 0.111698
2403 0.111623
2404 0.111548
2405 0.111472
2406 0.111397
2407 0.111321
2408 0.111246
2409 0.111170
2410 0.111095
2411 0.111019
2412 0.110943
2413 0.110867
2414 0.110791
2415 0.110715
2416 0.110639
2417 0.110563
2418 0.110487
2419 0.110410
2420 0.110334
2421 0.110258
2422 0.110181
2423 0.110105
2424 0.110029
2425 0.109952
2426 0.109876
2427 0.109799
2428 0.109723
2429 0.109646
2430 0.109569
2431 0.109493
2432 0.109416
2433 0.109340
2434 0.109263
2435 0.109186
2436 0.109110
2437 0.109033
2438 0.108956
2439 0.108880
2440 0.108803
2441 0.108727
2442 0.108650
2443 0.108573
2444 0.108497
2445 0.108420
2446 0.108344
2447 0.108267
2448 0.108191
2449 0.108115
2450 0.108038
2451 0.107962
2452 0.107886
2453 0.107809
2454 0.107733
2455 0.107657
2456 0.107581
2457 0.107505
2458 0.107429
2459 0.107353
2460 0.107277
2461 0.107201
2462 0.107126
2463 0.107050
2464 0.106974
2465 0.106899
2466 0.106823
2467 0.106748
2468 0.106673
2469 0.106598
2470 0.106522
2471 0.106447
2472 0.106372
2473 0.106298
2474 0.106223
2475 0.106148
2476 0.106074
2477 0.105999
2478 0.105925
2479 0.105850
2480 0.105776
2481 0.105702
2482 0.105628
2483 0.105554
2484 0.105481
2485 0.105407
2486 0.105334
2487 0.105260
2488 0.105187
2489 0.105114
2490 0.105041
2491 0.104968
2492 0.104895
2493 0.104822
2494 0.104750
2495 0.104678
2496 0.104605
2497 0.104533
2498 0.104461
2499 0.104389
2500 0.104318
2501 0.104246
2502 0.104175
2503 0.104103
2504 0.104032
2505 0.103961
2506 0.103890
2507 0.103820
2508 0.103749
2509 0.103679
2510 0.103608
2511 0.103538
2512 0.103468
2513 0.103398
2514 0.103329
2515 0.103259
2516 0.103190
2517 0.103121
2518 0.103052
2519 0.102983
2520 0.102914
2521 0.102845
2522 0.102777
2523 0.102709
2524 0.102641
2525 0.102573
2526 0.102505
2527 0.102438
2528 0.102370
2529 0.102303
2530 0.102236
2531 0.102169
2532 0.102102
2533 0.102036
2534 0.101969
2535 0.101903
2536 0.101837
2537 0.101771
2538 0.101705
2539 0.101640
2540 0.101574
2541 0.101509
2542 0.101444
2543 0.101379
2544 0.101314
2545 0.101250
2546 0.101185
2547 0.101121
2548 0.101057
2549 0.100993
2550 0.100930
2551 0.100866
2552 0.100803
2553 0.100740
2554 0.100677
2555 0.100614
2556 0.100551
2557 0.100489
2558 0.100426
2559 0.100364
2560 0.100302
2561 0.100241
2562 0.100179
2563 0.100118
2564 0.100056
2565 0.099995
2566 0.099934
2567 0.099874
2568 0.099813
2569 0.099753
2570 0.099692
2571 0.099632
2572 0.099572
2573 0.099513
2574 0.099453
2575 0.099394
2576 0.099335
2577 0.099276
2578 0.099217
2579 0.099158
2580 0.099099
2581 0.099041
2582 0.098983
2583 0.098925
2584 0.098867
2585 0.098809
2586 0.098752
2587 0.098694
2588 0.098637
2589 0.098580
2590 0.098523
2591 0.098466
2592 0.098410
2593 0.098353
2594 0.098297
2595 0.098241
2596 0.098185
2597 0.098129
2598 0.098074
2599 0.098018
2600 0.097963
2601 0.097908
2602 0.097853
2603 0.097798
2604 0.097743
2605 0.097689
2606 0.097634
2607 0.097580
2608 0.097526
2609 0.097472
2610 0.097419
2611 0.097365
2612 0.097311
2613 0.097258
2614 0.097205
2615 0.097152
2616 0.097099
2617 0.097046
2618 0.096994
2619 0.096941
2620 0.096889
2621 0.096837
2622 0.096785
2623 0.096733
2624 0.096681
2625 0.096629
2626 0.096578
2627 0.096527
2628 0.096475
2629 0.096424
2630 0.096373
2631 0.096323
2632 0.096272
2633 0.096221
2634 0.096171
2635 0.096121
2636 0.096071
2637 0.096021
2638 0.095971
2639 0.095921
2640 0.095871
2641 0.095822
2642 0.095772
2643 0.095723
2644 0.095674
2645 0.095625
2646 0.095576
2647 0.095527
2648 0.095479
2649 0.095430
2650 0.095382
2651 0.095333
2652 0.095285
2653 0.095237
2654 0.095189
2655 0.095141
2656 0.095093
2657 0.095046
2658 0.094998
2659 0.094951
2660 0.094903
2661 0.094856
2662 0.094809
2663 0.094762
2664 0.094715
2665 0.094668
2666 0.094622
2667 0.094575
2668 0.094529
2669 0.094482
2670 0.094436
2671 0.094390
2672 0.094343
2673 0.094297
2674 0.094251
2675 0.094206
2676 0.094160
2677 0.094114
2678 0.094069
2679 0.094023
2680 0.093978
2681 0.093932
2682 0.093887
2683 0.093842
2684 0.093797
2685 0.093752
2686 0.093707
2687 0.093662
2688 0.093618
2689 0.093573
2690 0.093528
2691 0.093484
2692 0.093440
2693 0.093395
2694 0.093351
2695 0.093307
2696 0.093263
2697 0.093219
2698 0.093175
2699 0.093131
2700 0.093087
2701 0.093043
2702 0.092999
2703 0.092956
2704 0.092912
2705 0.092869
2706 0.092825
2707 0.092782
2708 0.092738
2709 0.092695
2710 0.092652
2711 0.092609
2712 0.092566
2713 0.092523
2714 0.092480
2715 0.092437
2716 0.092394
2717 0.092351
2718 0.092308
2719 0.092266
2720 0.092223
2721 0.092180
2722 0.092138
2723 0.092095
2724 0.092053
2725 0.092010
2726 0.091968
2727 0.091925
2728 0.091883
2729 0.091841
2730 0.091798
2731 0.091756
2732 0.091714
2733 0.091672
2734 0.091630
2735 0.091588
2736 0.091546
2737 0.091504
2738 0.091462
2739 0.091420
2740 0.091378
2741 0.091336
2742 0.091294
2743 0.091252
2744 0.091210
2745 0.091169
2746 0.091127
2747 0.091085
2748 0.091043
2749 0.091002
2750 0.090960
2751 0.090918
2752 0.090877
2753 0.090835
2754 0.090794
2755 0.090752
2756 0.090710
2757 0.090669
2758 0.090627
2759 0.090586
2760 0.090544
2761 0.090503
2762 0.090461
2763 0.090419
2764 0.090378
2765 0.090336
2766 0.090295
2767 0.090253
2768 0.090212
2769 0.090170
2770 0.090129
2771 0.090087
2772 0.090046
2773 0.090004
2774 0.089963
2775 0.089921
2776 0.089880
2777 0.089838
2778 0.089797
2779 0.089755
2780 0.089713
2781 0.089672
2782 0.089630
2783 0.089589
2784 0.089547
2785 0.089505
2786 0.089464
2787 0.089422
2788 0.089380
2789 0.089339
2790 0.089297
2791 0.089255
2792 0.089213
2793 0.089171
2794 0.089130
2795 0.089088
2796 0.089046
2797 0.089004
2798 0.088962
2799 0.088920
2800 0.088878
2801 0.088836
2802 0.088794
2803 0.088752
2804 0.088709
2805 0.088667
2806 0.088625
2807 0.088583
2808 0.088540
2809 0.088498
2810 0.088456
2811 0.088413
2812 0.088371
2813 0.088328
2814 0.088286
2815 0.088243
2816 0.088200
2817 0.088157
2818 0.088115
2819 0.088072
2820 0.088029
2821 0.087986
2822 0.087943
2823 0.087900
2824 0.087857
2825 0.087813
2826 0.087770
2827 0.087727
2828 0.087684
2829 0.087640
2830 0.087597
2831 0.087553
2832 0.087509
2833 0.087466
2834 0.087422
2835 0.087378
2836 0.087334
2837 0.087290
2838 0.087246
2839 0.087202
2840 0.087158
2841 0.087113
2842 0.087069
2843 0.087024
2844 0.086980
2845 0.086935
2846 0.086890
2847 0.086846
2848 0.086801
2849 0.086756
2850 0.086711
2851 0.086665
2852 0.086620
2853 0.086575
2854 0.086529
2855 0.086484
2856 0.086438
2857 0.086392
2858 0.086346
2859 0.086300
2860 0.086254
2861 0.086208
2862 0.086162
2863 0.086116
2864 0.086069
2865 0.086022
2866 0.085976
2867 0.085929
2868 0.085882
2869 0.085835
2870 0.085788
2871 0.085740
2872 0.085693
2873 0.085646
2874 0.085598
2875 0.085550
2876 0.085502
2877 0.085454
2878 0.085406
2879 0.085358
2880 0.085309
2881 0.085261
2882 0.085212
2883 0.085163
2884 0.085114
2885 0.085065
2886 0.085016
2887 0.084966
2888 0.084917
2889 0.084867
2890 0.084817
2891 0.084767
2892 0.084717
2893 0.084667
2894 0.084617
2895 0.084566
2896 0.084515
2897 0.084464
2898 0.084413
2899 0.084362
2900 0.084311
2901 0.084259
2902 0.084207
2903 0.084156
2904 0.084103
2905 0.084051
2906 0.083999
2907 0.083946
2908 0.083894
2909 0.083841
2910 0.083787
2911 0.083734
2912 0.083681
2913 0.083627
2914 0.083573
2915 0.083519
2916 0.083465
2917 0.083410
2918 0.083356
2919 0.083301
2920 0.083246
2921 0.083191
2922 0.083135
2923 0.083080
2924 0.083024
2925 0.082968
2926 0.082912
2927 0.082855
2928 0.082798
2929 0.082741
2930 0.082684
2931 0.082627
2932 0.082569
2933 0.082512
2934 0.082454
2935 0.082395
2936 0.082337
2937 0.082278
2938 0.082219
2939 0.082160
2940 0.082100
2941 0.082041
2942 0.081981
2943 0.081921
2944 0.081860
2945 0.081800
2946 0.081739
2947 0.081677
2948 0.081616
2949 0.081554
2950 0.081492
2951 0.081430
2952 0.081367
2953 0.081305
2954 0.081241
2955 0.081178
2956 0.081114
2957 0.081051
2958 0.080986
2959 0.080922
2960 0.080857
2961 0.080792
2962 0.080727
2963 0.080661
2964 0.080595
2965 0.080529
2966 0.080462
2967 0.080395
2968 0.080328
2969 0.080260
2970 0.080192
2971 0.080124
2972 0.080056
2973 0.079987
2974 0.079918
2975 0.079848
2976 0.079778
2977 0.079708
2978 0.079637
2979 0.079567
2980 0.079495
2981 0.079424
2982 0.079352
2983 0.079279
2984 0.079207
2985 0.079134
2986 0.079060
2987 0.078987
2988 0.078912
2989 0.078838
2990 0.078763
2991 0.078688
2992 0.078612
2993 0.078536
2994 0.078459
2995 0.078382
2996 0.078305
2997 0.078227
2998 0.078149
2999 0.078071
3000 0.077992
3001 0.077913
3002 0.077833
3003 0.077753
3004 0.077672
3005 0.077591
3006 0.077509
3007 0.077427
3008 0.077345
3009 0.077262
3010 0.077179
3011 0.077095
3012 0.077011
3013 0.076926
3014 0.076841
3015 0.076755
3016 0.076669
3017 0.076582
3018 0.076495
3019 0.076408
3020 0.076320
3021 0.076231
3022 0.076142
3023 0.076053
3024 0.075962
3025 0.075872
3026 0.075781
3027 0.075689
3028 0.075597
3029 0.075504
3030 0.075411
3031 0.075318
3032 0.075223
3033 0.075129
3034 0.075033
3035 0.074937
3036 0.074841
3037 0.074744
3038 0.074647
3039 0.074549
3040 0.074450
3041 0.074351
3042 0.074251
3043 0.074151
3044 0.074050
3045 0.073948
3046 0.073846
3047 0.073743
3048 0.073640
3049 0.073536
3050 0.073432
3051 0.073327
3052 0.073221
3053 0.073115
3054 0.073008
3055 0.072901
3056 0.072793
3057 0.072684
3058 0.072575
3059 0.072465
3060 0.072354
3061 0.072243
3062 0.072131
3063 0.072019
3064 0.071906
3065 0.071792
3066 0.071678
3067 0.071563
3068 0.071447
3069 0.071331
3070 0.071214
3071 0.071097
3072 0.070978
3073 0.070860
3074 0.070740
3075 0.070620
3076 0.070499
3077 0.070378
3078 0.070256
3079 0.070133
3080 0.070010
3081 0.069886
3082 0.069761
3083 0.069635
3084 0.069509
3085 0.069383
3086 0.069255
3087 0.069127
3088 0.068999
3089 0.068869
3090 0.068739
3091 0.068609
3092 0.068478
3093 0.068346
3094 0.068213
3095 0.068080
3096 0.067946
3097 0.067811
3098 0.067676
3099 0.067540
3100 0.067404
3101 0.067266
3102 0.067129
3103 0.066990
3104 0.066851
3105 0.066711
3106 0.066571
3107 0.066430
3108 0.066288
3109 0.066146
3110 0.066003
3111 0.065859
3112 0.065715
3113 0.065570
3114 0.065425
3115 0.065279
3116 0.065132
3117 0.064985
3118 0.064837
3119 0.064688
3120 0.064539
3121 0.064390
3122 0.064239
3123 0.064089
3124 0.063937
3125 0.063785
3126 0.063632
3127 0.063479
3128 0.063325
3129 0.063171
3130 0.063016
3131 0.062861
3132 0.062705
3133 0.062548
3134 0.062391
3135 0.062233
3136 0.062075
3137 0.061917
3138 0.061757
3139 0.061598
3140 0.061437
3141 0.061277
3142 0.061115
3143 0.060954
3144 0.060792
3145 0.060629
3146 0.060466
3147 0.060302
3148 0.060138
3149 0.059973
3150 0.059808
3151 0.059643
3152 0.059477
3153 0.059311
3154 0.059144
3155 0.058977
3156 0.058809
3157 0.058641
3158 0.058473
3159 0.058304
3160 0.058135
3161 0.057965
3162 0.057796
3163 0.057625
3164 0.057455
3165 0.057284
3166 0.057112
3167 0.056941
3168 0.056769
3169 0.056597
3170 0.056424
3171 0.056251
3172 0.056078
3173 0.055905
3174 0.055731
3175 0.055557
3176 0.055382
3177 0.055208
3178 0.055033
3179 0.054858
3180 0.054683
3181 0.054507
3182 0.054332
3183 0.054156
3184 0.053980
3185 0.053803
3186 0.053627
3187 0.053450
3188 0.053273
3189 0.053096
3190 0.052919
3191 0.052742
3192 0.052564
3193 0.052387
3194 0.052209
3195 0.052031
3196 0.051853
3197 0.051675
3198 0.051497
3199 0.051319
3200 0.051141
3201 0.050963
3202 0.050784
3203 0.050606
3204 0.050427
3205 0.050249
3206 0.050070
3207 0.049892
3208 0.049713
3209 0.049535
3210 0.049356
3211 0.049178
3212 0.049000
3213 0.048821
3214 0.048643
3215 0.048465
3216 0.048286
3217 0.048108
3218 0.047930
3219 0.047752
3220 0.047574
3221 0.047396
3222 0.047219
3223 0.047041
3224 0.046864
3225 0.046686
3226 0.046509
3227 0.046332
3228 0.046155
3229 0.045979
3230 0.045802
3231 0.045626
3232 0.045450
3233 0.045274
3234 0.045098
3235 0.044922
3236 0.044747
3237 0.044572
3238 0.044397
3239 0.044223
3240 0.044048
3241 0.043874
3242 0.043700
3243 0.043527
3244 0.043354
3245 0.043181
3246 0.043008
3247 0.042835
3248 0.042663
3249 0.042492
3250 0.042320
3251 0.042149
3252 0.041978
3253 0.041808
3254 0.041638
3255 0.041468
3256 0.041298
3257 0.041129
3258 0.040961
3259 0.040792
3260 0.040624
3261 0.040457
3262 0.040290
3263 0.040123
3264 0.039957
3265 0.039791
3266 0.039625
3267 0.039460
3268 0.039295
3269 0.039131
3270 0.038967
3271 0.038804
3272 0.038641
3273 0.038479
3274 0.038317
3275 0.038155
3276 0.037994
3277 0.037833
3278 0.037673
3279 0.037514
3280 0.037355
3281 0.037196
3282 0.037038
3283 0.036880
3284 0.036723
3285 0.036566
3286 0.036410
3287 0.036254
3288 0.036099
3289 0.035945
3290 0.035790
3291 0.035637
3292 0.035484
3293 0.035331
3294 0.035179
3295 0.035028
3296 0.034877
3297 0.034727
3298 0.034577
3299 0.034427
3300 0.034279
3301 0.034131
3302 0.033983
3303 0.033836
3304 0.033689
3305 0.033543
3306 0.033398
3307 0.033253
3308 0.033109
3309 0.032965
3310 0.032822
3311 0.032680
3312 0.032538
3313 0.032396
3314 0.032256
3315 0.032115
3316 0.031976
3317 0.031837
3318 0.031698
3319 0.031560
3320 0.031423
3321 0.031286
3322 0.031150
3323 0.031015
3324 0.030880
3325 0.030745
3326 0.030612
3327 0.030478
3328 0.030346
3329 0.030214
3330 0.030082
3331 0.029951
3332 0.029821
3333 0.029692
3334 0.029563
3335 0.029434
3336 0.029306
3337 0.029179
3338 0.029052
3339 0.028926
3340 0.028800
3341 0.028676
3342 0.028551
3343 0.028427
3344 0.028304
3345 0.028182
3346 0.028060
3347 0.027938
3348 0.027817
3349 0.027697
3350 0.027577
3351 0.027458
3352 0.027340
3353 0.027222
3354 0.027105
3355 0.026988
3356 0.026872
3357 0.026756
3358 0.026641
3359 0.026526
3360 0.026413
3361 0.026299
3362 0.026186
3363 0.026074
3364 0.025963
3365 0.025852
3366 0.025741
3367 0.025631
3368 0.025522
3369 0.025413
3370 0.025305
3371 0.025197
3372 0.025090
3373 0.024983
3374 0.024877
3375 0.024772
3376 0.024667
3377 0.024562
3378 0.024458
3379 0.024355
3380 0.024252
3381 0.024150
3382 0.024048
3383 0.023947
3384 0.023847
3385 0.023747
3386 0.023647
3387 0.023548
3388 0.023449
3389 0.023351
3390 0.023254
3391 0.023157
3392 0.023060
3393 0.022964
3394 0.022869
3395 0.022774
3396 0.022680
3397 0.022586
3398 0.022492
3399 0.022400
3400 0.022307
3401 0.022215
3402 0.022124
3403 0.022033
3404 0.021942
3405 0.021853
3406 0.021763
3407 0.021674
3408 0.021586
3409 0.021498
3410 0.021410
3411 0.021323
3412 0.021236
3413 0.021150
3414 0.021065
3415 0.020980
3416 0.020895
3417 0.020811
3418 0.020727
3419 0.020643
3420 0.020561
3421 0.020478
3422 0.020396
3423 0.020315
3424 0.020234
3425 0.020153
3426 0.020073
3427 0.019993
3428 0.019914
3429 0.019835
3430 0.019756
3431 0.019678
3432 0.019601
3433 0.019523
3434 0.019447
3435 0.019370
3436 0.019294
3437 0.019219
3438 0.019144
3439 0.019069
3440 0.018995
3441 0.018921
3442 0.018847
3443 0.018774
3444 0.018702
3445 0.018630
3446 0.018558
3447 0.018486
3448 0.018415
3449 0.018344
3450 0.018274
3451 0.018204
3452 0.018135
3453 0.018065
3454 0.017997
3455 0.017928
3456 0.017860
3457 0.017793
3458 0.017725
3459 0.017658
3460 0.017592
3461 0.017526
3462 0.017460
3463 0.017394
3464 0.017329
3465 0.017264
3466 0.017200
3467 0.017136
3468 0.017072
3469 0.017009
3470 0.016946
3471 0.016883
3472 0.016821
3473 0.016759
3474 0.016697
3475 0.016636
3476 0.016575
3477 0.016514
3478 0.016454
3479 0.016394
3480 0.016334
3481 0.016275
3482 0.016216
3483 0.016157
3484 0.016099
3485 0.016041
3486 0.015983
3487 0.015925
3488 0.015868
3489 0.015811
3490 0.015755
3491 0.015698
3492 0.015642
3493 0.015587
3494 0.015531
3495 0.015476
3496 0.015422
3497 0.015367
3498 0.015313
3499 0.015259
3500 0.015206
3501 0.015152
3502 0.015099
3503 0.015046
3504 0.014994
3505 0.014942
3506 0.014890
3507 0.014838
3508 0.014787
3509 0.014736
3510 0.014685
3511 0.014634
3512 0.014584
3513 0.014534
3514 0.014484
3515 0.014435
3516 0.014386
3517 0.014337
3518 0.014288
3519 0.014239
3520 0.014191
3521 0.014143
3522 0.014095
3523 0.014048
3524 0.014001
3525 0.013954
3526 0.013907
3527 0.013861
3528 0.013814
3529 0.013768
3530 0.013723
3531 0.013677
3532 0.013632
3533 0.013587
3534 0.013542
3535 0.013497
3536 0.013453
3537 0.013409
3538 0.013365
3539 0.013321
3540 0.013278
3541 0.013234
3542 0.013191
3543 0.013149
3544 0.013106
3545 0.013064
3546 0.013021
3547 0.012980
3548 0.012938
3549 0.012896
3550 0.012855
3551 0.012814
3552 0.012773
3553 0.012732
3554 0.012692
3555 0.012652
3556 0.012611
3557 0.012572
3558 0.012532
3559 0.012492
3560 0.012453
3561 0.012414
3562 0.012375
3563 0.012337
3564 0.012298
3565 0.012260
3566 0.012222
3567 0.012184
3568 0.012146
3569 0.012108
3570 0.012071
3571 0.012034
3572 0.011997
3573 0.011960
3574 0.011923
3575 0.011887
3576 0.011851
3577 0.011815
3578 0.011779
3579 0.011743
3580 0.011707
3581 0.011672
3582 0.011637
3583 0.011602
3584 0.011567
3585 0.011532
3586 0.011497
3587 0.011463
3588 0.011429
3589 0.011395
3590 0.011361
3591 0.011327
3592 0.011294
3593 0.011260
3594 0.011227
3595 0.011194
3596 0.011161
3597 0.011128
3598 0.011096
3599 0.011063
3600 0.011031
3601 0.010999
3602 0.010967
3603 0.010935
3604 0.010903
3605 0.010872
3606 0.010840
3607 0.010809
3608 0.010778
3609 0.010747
3610 0.010716
3611 0.010686
3612 0.010655
3613 0.010625
3614 0.010594
3615 0.010564
3616 0.010534
3617 0.010505
3618 0.010475
3619 0.010445
3620 0.010416
3621 0.010387
3622 0.010358
3623 0.010329
3624 0.010300
3625 0.010271
3626 0.010242
3627 0.010214
3628 0.010186
3629 0.010157
3630 0.010129
3631 0.010101
3632 0.010074
3633 0.010046
3634 0.010018
3635 0.009991
