0 0.131381
1 0.131234
2 0.131129
3 0.131055
4 0.131002
5 0.130964
6 0.130936
7 0.130915
8 0.130900
9 0.130888
10 0.130879
11 0.130872
12 0.130865
13 0.130860
14 0.130855
15 0.130851
16 0.130847
17 0.130843
18 0.130839
19 0.130835
20 0.130832
21 0.130828
22 0.130825
23 0.130821
24 0.130818
25 0.130815
26 0.130811
27 0.130808
28 0.130805
29 0.130801
30 0.130798
31 0.130795
32 0.130791
33 0.130788
34 0.130785
35 0.130781
36 0.130778
37 0.130775
38 0.130771
39 0.130768
40 0.130765
41 0.130762
42 0.130758
43 0.130755
44 0.130752
45 0.130749
46 0.130745
47 0.130742
48 0.130739
49 0.130736
50 0.130733
51 0.130729
52 0.130726
53 0.130723
54 0.130720
55 0.130717
56 0.130713
57 0.130710
58 0.130707
59 0.130704
60 0.130701
61 0.130698
62 0.130695
63 0.130691
64 0.130688
65 0.130685
66 0.130682
67 0.130679
68 0.130676
69 0.130673
70 0.130670
71 0.130667
72 0.130664
73 0.130661
74 0.130657
75 0.130654
76 0.130651
77 0.130648
78 0.130645
79 0.130642
80 0.130639
81 0.130636
82 0.130633
83 0.130630
84 0.130627
85 0.130624
86 0.130621
87 0.130618
88 0.130615
89 0.130612
90 0.130609
91 0.130606
92 0.130603
93 0.130600
94 0.130598
95 0.130595
96 0.130592
97 0.130589
98 0.130586
99 0.130583
100 0.130580
101 0.130577
102 0.130574
103 0.130571
104 0.130569
105 0.130566
106 0.130563
107 0.130560
108 0.130557
109 0.130554
110 0.130551
111 0.130549
112 0.130546
113 0.130543
114 0.130540
115 0.130537
116 0.130535
117 0.130532
118 0.130529
119 0.130526
120 0.130523
121 0.130521
122 0.130518
123 0.130515
124 0.130512
125 0.130510
126 0.130507
127 0.130504
128 0.130501
129 0.130499
130 0.130496
131 0.130493
132 0.130491
133 0.130488
134 0.130485
135 0.130482
136 0.130480
137 0.130477
138 0.130474
139 0.130472
140 0.130469
141 0.130466
142 0.130464
143 0.130461
144 0.130459
145 0.130456
146 0.130453
147 0.130451
148 0.130448
149 0.130446
150 0.130443
151 0.130440
152 0.130438
153 0.130435
154 0.130433
155 0.130430
156 0.130427
157 0.130425
158 0.130422
159 0.130420
160 0.130417
161 0.130415
162 0.130412
163 0.130410
164 0.130407
165 0.130405
166 0.130402
167 0.130400
168 0.130397
169 0.130395
170 0.130392
171 0.130390
172 0.130387
173 0.130385
174 0.130382
175 0.130380
176 0.130378
177 0.130375
178 0.130373
179 0.130370
180 0.130368
181 0.130365
182 0.130363
183 0.130361
184 0.130358
185 0.130356
186 0.130353
187 0.130351
188 0.130349
189 0.130346
190 0.130344
191 0.130342
192 0.130339
193 0.130337
194 0.130334
195 0.130332
196 0.130330
197 0.130328
198 0.130325
199 0.130323
200 0.130321
201 0.130318
202 0.130316
203 0.130314
204 0.130311
205 0.130309
206 0.130307
207 0.130305
208 0.130302
209 0.130300
210 0.130298
211 0.130296
212 0.130293
213 0.130291
214 0.130289
215 0.130287
216 0.130284
217 0.130282
218 0.130280
219 0.130278
220 0.130275
221 0.130273
222 0.130271
223 0.130269
224 0.130267
225 0.130265
226 0.130262
227 0.130260
228 0.130258
229 0.130256
230 0.130254
231 0.130252
232 0.130249
233 0.130247
234 0.130245
235 0.130243
236 0.130241
237 0.130239
238 0.130237
239 0.130235
240 0.130232
241 0.130230
242 0.130228
243 0.130226
244 0.130224
245 0.130222
246 0.130220
247 0.130218
248 0.130216
249 0.130214
250 0.130212
251 0.130210
252 0.130208
253 0.130206
254 0.130204
255 0.130202
256 0.130199
257 0.130197
258 0.130195
259 0.130193
260 0.130191
261 0.130189
262 0.130187
263 0.130185
264 0.130183
265 0.130181
266 0.130179
267 0.130177
268 0.130176
269 0.130174
270 0.130172
271 0.130170
272 0.130168
273 0.130166
274 0.130164
275 0.130162
276 0.130160
277 0.130158
278 0.130156
279 0.130154
280 0.130152
281 0.130150
282 0.130148
283 0.130146
284 0.130145
285 0.130143
286 0.130141
287 0.130139
288 0.130137
289 0.130135
290 0.130133
291 0.130131
292 0.130130
293 0.130128
294 0.130126
295 0.130124
296 0.130122
297 0.130120
298 0.130118
299 0.130117
300 0.130115
301 0.130113
302 0.130111
303 0.130109
304 0.130107
305 0.130106
306 0.130104
307 0.130102
308 0.130100
309 0.130098
310 0.130097
311 0.130095
312 0.130093
313 0.130091
314 0.130089
315 0.130088
316 0.130086
317 0.130084
318 0.130082
319 0.130081
320 0.130079
321 0.130077
322 0.130075
323 0.130074
324 0.130072
325 0.130070
326 0.130068
327 0.130067
328 0.130065
329 0.130063
330 0.130061
331 0.130060
332 0.130058
333 0.130056
334 0.130055
335 0.130053
336 0.130051
337 0.130050
338 0.130048
339 0.130046
340 0.130044
341 0.130043
342 0.130041
343 0.130039
344 0.130038
345 0.130036
346 0.130034
347 0.130033
348 0.130031
349 0.130029
350 0.130028
351 0.130026
352 0.130024
353 0.130023
354 0.130021
355 0.130020
356 0.130018
357 0.130016
358 0.130015
359 0.130013
360 0.130011
361 0.130010
362 0.130008
363 0.130007
364 0.130005
365 0.130003
366 0.130002
367 0.130000
368 0.129998
369 0.129997
370 0.129995
371 0.129994
372 0.129992
373 0.129991
374 0.129989
375 0.129987
376 0.129986
377 0.129984
378 0.129983
379 0.129981
380 0.129979
381 0.129978
382 0.129976
383 0.129975
384 0.129973
385 0.129972
386 0.129970
387 0.129969
388 0.129967
389 0.129965
390 0.129964
391 0.129962
392 0.129961
393 0.129959
394 0.129958
395 0.129956
396 0.129955
397 0.129953
398 0.129952
399 0.129950
400 0.129949
401 0.129947
402 0.129946
403 0.129944
404 0.129943
405 0.129941
406 0.129940
407 0.129938
408 0.129937
409 0.129935
410 0.129934
411 0.129932
412 0.129931
413 0.129929
414 0.129928
415 0.129926
416 0.129925
417 0.129923
418 0.129922
419 0.129920
420 0.129919
421 0.129917
422 0.129916
423 0.129914
424 0.129913
425 0.129911
426 0.129910
427 0.129909
428 0.129907
429 0.129906
430 0.129904
431 0.129903
432 0.129901
433 0.129900
434 0.129898
435 0.129897
436 0.129895
437 0.129894
438 0.129893
439 0.129891
440 0.129890
441 0.129888
442 0.129887
443 0.129885
444 0.129884
445 0.129883
446 0.129881
447 0.129880
448 0.129878
449 0.129877
450 0.129875
451 0.129874
452 0.129873
453 0.129871
454 0.129870
455 0.129868
456 0.129867
457 0.129865
458 0.129864
459 0.129863
460 0.129861
461 0.129860
462 0.129858
463 0.129857
464 0.129856
465 0.129854
466 0.129853
467 0.129851
468 0.129850
469 0.129849
470 0.129847
471 0.129846
472 0.129844
473 0.129843
474 0.129842
475 0.129840
476 0.129839
477 0.129837
478 0.129836
479 0.129835
480 0.129833
481 0.129832
482 0.129830
483 0.129829
484 0.129828
485 0.129826
486 0.129825
487 0.129824
488 0.129822
489 0.129821
490 0.129819
491 0.129818
492 0.129817
493 0.129815
494 0.129814
495 0.129812
496 0.129811
497 0.129810
498 0.129808
499 0.129807
500 0.129806
501 0.129804
502 0.129803
503 0.129801
504 0.129800
505 0.129799
506 0.129797
507 0.129796
508 0.129795
509 0.129793
510 0.129792
511 0.129790
512 0.129789
513 0.129788
514 0.129786
515 0.129785
516 0.129784
517 0.129782
518 0.129781
519 0.129779
520 0.129778
521 0.129777
522 0.129775
523 0.129774
524 0.129773
525 0.129771
526 0.129770
527 0.129768
528 0.129767
529 0.129766
530 0.129764
531 0.129763
532 0.129762
533 0.129760
534 0.129759
535 0.129757
536 0.129756
537 0.129755
538 0.129753
539 0.129752
540 0.129751
541 0.129749
542 0.129748
543 0.129746
544 0.129745
545 0.129744
546 0.129742
547 0.129741
548 0.129740
549 0.129738
550 0.129737
551 0.129735
552 0.129734
553 0.129733
554 0.129731
555 0.129730
556 0.129728
557 0.129727
558 0.129726
559 0.129724
560 0.129723
561 0.129722
562 0.129720
563 0.129719
564 0.129717
565 0.129716
566 0.129715
567 0.129713
568 0.129712
569 0.129710
570 0.129709
571 0.129708
572 0.129706
573 0.129705
574 0.129703
575 0.129702
576 0.129700
577 0.129699
578 0.129698
579 0.129696
580 0.129695
581 0.129693
582 0.129692
583 0.129691
584 0.129689
585 0.129688
586 0.129686
587 0.129685
588 0.129683
589 0.129682
590 0.129681
591 0.129679
592 0.129678
593 0.129676
594 0.129675
595 0.129673
596 0.129672
597 0.129670
598 0.129669
599 0.129668
600 0.129666
601 0.129665
602 0.129663
603 0.129662
604 0.129660
605 0.129659
606 0.129657
607 0.129656
608 0.129654
609 0.129653
610 0.129651
611 0.129650
612 0.129648
613 0.129647
614 0.129645
615 0.129644
616 0.129642
617 0.129641
618 0.129639
619 0.129638
620 0.129636
621 0.129635
622 0.129633
623 0.129632
624 0.129630
625 0.129629
626 0.129627
627 0.129626
628 0.129624
629 0.129623
630 0.129621
631 0.129620
632 0.129618
633 0.129616
634 0.129615
635 0.129613
636 0.129612
637 0.129610
638 0.129609
639 0.129607
640 0.129606
641 0.129604
642 0.129602
643 0.129601
644 0.129599
645 0.129598
646 0.129596
647 0.129594
648 0.129593
649 0.129591
650 0.129589
651 0.129588
652 0.129586
653 0.129585
654 0.129583
655 0.129581
656 0.129580
657 0.129578
658 0.129576
659 0.129575
660 0.129573
661 0.129571
662 0.129570
663 0.129568
664 0.129566
665 0.129565
666 0.129563
667 0.129561
668 0.129559
669 0.129558
670 0.129556
671 0.129554
672 0.129553
673 0.129551
674 0.129549
675 0.129547
676 0.129546
677 0.129544
678 0.129542
679 0.129540
680 0.129539
681 0.129537
682 0.129535
683 0.129533
684 0.129531
685 0.129530
686 0.129528
687 0.129526
688 0.129524
689 0.129522
690 0.129520
691 0.129518
692 0.129517
693 0.129515
694 0.129513
695 0.129511
696 0.129509
697 0.129507
698 0.129505
699 0.129503
700 0.129501
701 0.129499
702 0.129498
703 0.129496
704 0.129494
705 0.129492
706 0.129490
707 0.129488
708 0.129486
709 0.129484
710 0.129482
711 0.129480
712 0.129478
713 0.129476
714 0.129474
715 0.129472
716 0.129469
717 0.129467
718 0.129465
719 0.129463
720 0.129461
721 0.129459
722 0.129457
723 0.129455
724 0.129453
725 0.129450
726 0.129448
727 0.129446
728 0.129444
729 0.129442
730 0.129439
731 0.129437
732 0.129435
733 0.129433
734 0.129431
735 0.129428
736 0.129426
737 0.129424
738 0.129421
739 0.129419
740 0.129417
741 0.129414
742 0.129412
743 0.129410
744 0.129407
745 0.129405
746 0.129403
747 0.129400
748 0.129398
749 0.129395
750 0.129393
751 0.129390
752 0.129388
753 0.129385
754 0.129383
755 0.129380
756 0.129378
757 0.129375
758 0.129373
759 0.129370
760 0.129367
761 0.129365
762 0.129362
763 0.129360
764 0.129357
765 0.129354
766 0.129351
767 0.129349
768 0.129346
769 0.129343
770 0.129341
771 0.129338
772 0.129335
773 0.129332
774 0.129329
775 0.129326
776 0.129324
777 0.129321
778 0.129318
779 0.129315
780 0.129312
781 0.129309
782 0.129306
783 0.129303
784 0.129300
785 0.129297
786 0.129294
787 0.129291
788 0.129288
789 0.129284
790 0.129281
791 0.129278
792 0.129275
793 0.129272
794 0.129268
795 0.129265
796 0.129262
797 0.129259
798 0.129255
799 0.129252
800 0.129248
801 0.129245
802 0.129242
803 0.129238
804 0.129235
805 0.129231
806 0.129228
807 0.129224
808 0.129221
809 0.129217
810 0.129213
811 0.129210
812 0.129206
813 0.129202
814 0.129198
815 0.129195
816 0.129191
817 0.129187
818 0.129183
819 0.129179
820 0.129175
821 0.129171
822 0.129167
823 0.129163
824 0.129159
825 0.129155
826 0.129151
827 0.129147
828 0.129143
829 0.129139
830 0.129134
831 0.129130
832 0.129126
833 0.129121
834 0.129117
835 0.129113
836 0.129108
837 0.129104
838 0.129099
839 0.129094
840 0.129090
841 0.129085
842 0.129080
843 0.129076
844 0.129071
845 0.129066
846 0.129061
847 0.129056
848 0.129052
849 0.129047
850 0.129041
851 0.129036
852 0.129031
853 0.129026
854 0.129021
855 0.129016
856 0.129010
857 0.129005
858 0.129000
859 0.128994
860 0.128989
861 0.128983
862 0.128978
863 0.128972
864 0.128966
865 0.128961
866 0.128955
867 0.128949
868 0.128943
869 0.128937
870 0.128931
871 0.128925
872 0.128919
873 0.128913
874 0.128907
875 0.128901
876 0.128894
877 0.128888
878 0.128881
879 0.128875
880 0.128868
881 0.128862
882 0.128855
883 0.128848
884 0.128841
885 0.128835
886 0.128828
887 0.128821
888 0.128814
889 0.128806
890 0.128799
891 0.128792
892 0.128785
893 0.128777
894 0.128770
895 0.128762
896 0.128754
897 0.128747
898 0.128739
899 0.128731
900 0.128723
901 0.128715
902 0.128707
903 0.128699
904 0.128691
905 0.128682
906 0.128674
907 0.128665
908 0.128657
909 0.128648
910 0.128639
911 0.128630
912 0.128621
913 0.128612
914 0.128603
915 0.128594
916 0.128585
917 0.128575
918 0.128566
919 0.128556
920 0.128547
921 0.128537
922 0.128527
923 0.128517
924 0.128507
925 0.128497
926 0.128486
927 0.128476
928 0.128466
929 0.128455
930 0.128444
931 0.128433
932 0.128422
933 0.128411
934 0.128400
935 0.128389
936 0.128378
937 0.128366
938 0.128354
939 0.128343
940 0.128331
941 0.128319
942 0.128307
943 0.128294
944 0.128282
945 0.128269
946 0.128257
947 0.128244
948 0.128231
949 0.128218
950 0.128205
951 0.128192
952 0.128178
953 0.128165
954 0.128151
955 0.128137
956 0.128123
957 0.128109
958 0.128094
959 0.128080
960 0.128065
961 0.128050
962 0.128035
963 0.128020
964 0.128005
965 0.127990
966 0.127974
967 0.127958
968 0.127942
969 0.127926
970 0.127910
971 0.127894
972 0.127877
973 0.127860
974 0.127843
975 0.127826
976 0.127809
977 0.127791
978 0.127774
979 0.127756
980 0.127738
981 0.127719
982 0.127701
983 0.127682
984 0.127663
985 0.127644
986 0.127625
987 0.127605
988 0.127586
989 0.127566
990 0.127546
991 0.127525
992 0.127505
993 0.127484
994 0.127463
995 0.127442
996 0.127420
997 0.127399
998 0.127377
999 0.127355
1000 0.127332
1001 0.127310
1002 0.127287
1003 0.127264
1004 0.127240
1005 0.127217
1006 0.127193
1007 0.127169
1008 0.127144
1009 0.127120
1010 0.127095
1011 0.127070
1012 0.127044
1013 0.127019
1014 0.126993
1015 0.126966
1016 0.126940
1017 0.126913
1018 0.126886
1019 0.126859
1020 0.126831
1021 0.126803
1022 0.126775
1023 0.126746
1024 0.126717
1025 0.126688
1026 0.126659
1027 0.126629
1028 0.126599
1029 0.126568
1030 0.126538
1031 0.126507
1032 0.126475
1033 0.126443
1034 0.126411
1035 0.126379
1036 0.126346
1037 0.126313
1038 0.126280
1039 0.126246
1040 0.126212
1041 0.126177
1042 0.126142
1043 0.126107
1044 0.126072
1045 0.126036
1046 0.125999
1047 0.125963
1048 0.125925
1049 0.125888
1050 0.125850
1051 0.125812
1052 0.125773
1053 0.125734
1054 0.125695
1055 0.125655
1056 0.125614
1057 0.125574
1058 0.125532
1059 0.125491
1060 0.125449
1061 0.125406
1062 0.125364
1063 0.125320
1064 0.125277
1065 0.125232
1066 0.125188
1067 0.125143
1068 0.125097
1069 0.125051
1070 0.125004
1071 0.124957
1072 0.124910
1073 0.124862
1074 0.124814
1075 0.124765
1076 0.124715
1077 0.124666
1078 0.124615
1079 0.124564
1080 0.124513
1081 0.124461
1082 0.124408
1083 0.124356
1084 0.124302
1085 0.124248
1086 0.124193
1087 0.124138
1088 0.124083
1089 0.124027
1090 0.123970
1091 0.123913
1092 0.123855
1093 0.123796
1094 0.123737
1095 0.123678
1096 0.123618
1097 0.123557
1098 0.123496
1099 0.123434
1100 0.123372
1101 0.123308
1102 0.123245
1103 0.123181
1104 0.123116
1105 0.123050
1106 0.122984
1107 0.122918
1108 0.122850
1109 0.122782
1110 0.122714
1111 0.122644
1112 0.122575
1113 0.122504
1114 0.122433
1115 0.122361
1116 0.122289
1117 0.122216
1118 0.122142
1119 0.122068
1120 0.121993
1121 0.121917
1122 0.121841
1123 0.121764
1124 0.121686
1125 0.121607
1126 0.121528
1127 0.121449
1128 0.121368
1129 0.121287
1130 0.121205
1131 0.121123
1132 0.121040
1133 0.120956
1134 0.120871
1135 0.120786
1136 0.120700
1137 0.120613
1138 0.120526
1139 0.120438
1140 0.120349
1141 0.120260
1142 0.120170
1143 0.120079
1144 0.119988
1145 0.119895
1146 0.119802
1147 0.119709
1148 0.119615
1149 0.119520
1150 0.119424
1151 0.119328
1152 0.119230
1153 0.119133
1154 0.119034
1155 0.118935
1156 0.118835
1157 0.118735
1158 0.118634
1159 0.118532
1160 0.118429
1161 0.118326
1162 0.118222
1163 0.118118
1164 0.118013
1165 0.117907
1166 0.117801
1167 0.117694
1168 0.117586
1169 0.117478
1170 0.117369
1171 0.117259
1172 0.117149
1173 0.117038
1174 0.116927
1175 0.116815
1176 0.116702
1177 0.116589
1178 0.116475
1179 0.116361
1180 0.116246
1181 0.116131
1182 0.116015
1183 0.115899
1184 0.115782
1185 0.115664
1186 0.115546
1187 0.115428
1188 0.115309
1189 0.115189
1190 0.115070
1191 0.114949
1192 0.114828
1193 0.114707
1194 0.114586
1195 0.114464
1196 0.114341
1197 0.114218
1198 0.114095
1199 0.113972
1200 0.113848
1201 0.113724
1202 0.113599
1203 0.113474
1204 0.113349
1205 0.113223
1206 0.113098
1207 0.112972
1208 0.112845
1209 0.112719
1210 0.112592
1211 0.112465
1212 0.112338
1213 0.112211
1214 0.112083
1215 0.111956
1216 0.111828
1217 0.111700
1218 0.111572
1219 0.111444
1220 0.111316
1221 0.111187
1222 0.111059
1223 0.110930
1224 0.110802
1225 0.110673
1226 0.110545
1227 0.110416
1228 0.110288
1229 0.110159
1230 0.110031
1231 0.109903
1232 0.109774
1233 0.109646
1234 0.109518
1235 0.109390
1236 0.109262
1237 0.109134
1238 0.109006
1239 0.108879
1240 0.108751
1241 0.108624
1242 0.108497
1243 0.108370
1244 0.108244
1245 0.108117
1246 0.107991
1247 0.107865
1248 0.107740
1249 0.107614
1250 0.107489
1251 0.107364
1252 0.107240
1253 0.107116
1254 0.106992
1255 0.106868
1256 0.106745
1257 0.106622
1258 0.106499
1259 0.106377
1260 0.106255
1261 0.106134
1262 0.106012
1263 0.105892
1264 0.105771
1265 0.105651
1266 0.105532
1267 0.105413
1268 0.105294
1269 0.105176
1270 0.105058
1271 0.104941
1272 0.104824
1273 0.104707
1274 0.104591
1275 0.104475
1276 0.104360
1277 0.104246
1278 0.104132
1279 0.104018
1280 0.103905
1281 0.103792
1282 0.103680
1283 0.103568
1284 0.103457
1285 0.103346
1286 0.103236
1287 0.103126
1288 0.103017
1289 0.102908
1290 0.102800
1291 0.102692
1292 0.102585
1293 0.102478
1294 0.102372
1295 0.102267
1296 0.102161
1297 0.102057
1298 0.101953
1299 0.101849
1300 0.101746
1301 0.101644
1302 0.101542
1303 0.101440
1304 0.101339
1305 0.101239
1306 0.101139
1307 0.101040
1308 0.100941
1309 0.100843
1310 0.100745
1311 0.100648
1312 0.100551
1313 0.100455
1314 0.100359
1315 0.100264
1316 0.100169
1317 0.100075
1318 0.099981
1319 0.099888
1320 0.099795
1321 0.099703
1322 0.099611
1323 0.099520
1324 0.099430
1325 0.099339
1326 0.099250
1327 0.099160
1328 0.099072
1329 0.098983
1330 0.098896
1331 0.098808
1332 0.098721
1333 0.098635
1334 0.098549
1335 0.098464
1336 0.098379
1337 0.098294
1338 0.098210
1339 0.098127
1340 0.098043
1341 0.097961
1342 0.097878
1343 0.097797
1344 0.097715
1345 0.097634
1346 0.097554
1347 0.097473
1348 0.097394
1349 0.097314
1350 0.097235
1351 0.097157
1352 0.097079
1353 0.097001
1354 0.096924
1355 0.096847
1356 0.096770
1357 0.096694
1358 0.096619
1359 0.096543
1360 0.096468
1361 0.096393
1362 0.096319
1363 0.096245
1364 0.096172
1365 0.096098
1366 0.096026
1367 0.095953
1368 0.095881
1369 0.095809
1370 0.095737
1371 0.095666
1372 0.095595
1373 0.095525
1374 0.095455
1375 0.095385
1376 0.095315
1377 0.095246
1378 0.095177
1379 0.095108
1380 0.095039
1381 0.094971
1382 0.094903
1383 0.094836
1384 0.094768
1385 0.094701
1386 0.094635
1387 0.094568
1388 0.094502
1389 0.094436
1390 0.094370
1391 0.094304
1392 0.094239
1393 0.094174
1394 0.094109
1395 0.094045
1396 0.093980
1397 0.093916
1398 0.093852
1399 0.093789
1400 0.093725
1401 0.093662
1402 0.093599
1403 0.093536
1404 0.093473
1405 0.093411
1406 0.093348
1407 0.093286
1408 0.093224
1409 0.093162
1410 0.093101
1411 0.093039
1412 0.092978
1413 0.092917
1414 0.092856
1415 0.092795
1416 0.092734
1417 0.092673
1418 0.092613
1419 0.092553
1420 0.092492
1421 0.092432
1422 0.092373
1423 0.092313
1424 0.092253
1425 0.092193
1426 0.092134
1427 0.092075
1428 0.092015
1429 0.091956
1430 0.091897
1431 0.091838
1432 0.091779
1433 0.091720
1434 0.091661
1435 0.091603
1436 0.091544
1437 0.091485
1438 0.091427
1439 0.091368
1440 0.091310
1441 0.091252
1442 0.091193
1443 0.091135
1444 0.091077
1445 0.091018
1446 0.090960
1447 0.090902
1448 0.090844
1449 0.090786
1450 0.090728
1451 0.090670
1452 0.090611
1453 0.090553
1454 0.090495
1455 0.090437
1456 0.090379
1457 0.090321
1458 0.090263
1459 0.090204
1460 0.090146
1461 0.090088
1462 0.090030
1463 0.089971
1464 0.089913
1465 0.089855
1466 0.089796
1467 0.089738
1468 0.089679
1469 0.089620
1470 0.089562
1471 0.089503
1472 0.089444
1473 0.089385
1474 0.089326
1475 0.089267
1476 0.089208
1477 0.089148
1478 0.089089
1479 0.089029
1480 0.088970
1481 0.088910
1482 0.088850
1483 0.088790
1484 0.088730
1485 0.088670
1486 0.088610
1487 0.088549
1488 0.088488
1489 0.088428
1490 0.088367
1491 0.088306
1492 0.088244
1493 0.088183
1494 0.088121
1495 0.088059
1496 0.087997
1497 0.087935
1498 0.087873
1499 0.087811
1500 0.087748
1501 0.087685
1502 0.087622
1503 0.087558
1504 0.087495
1505 0.087431
1506 0.087367
1507 0.087303
1508 0.087238
1509 0.087174
1510 0.087109
1511 0.087044
1512 0.086978
1513 0.086912
1514 0.086846
1515 0.086780
1516 0.086714
1517 0.086647
1518 0.086580
1519 0.086512
1520 0.086445
1521 0.086377
1522 0.086308
1523 0.086240
1524 0.086171
1525 0.086102
1526 0.086032
1527 0.085962
1528 0.085892
1529 0.085821
1530 0.085750
1531 0.085679
1532 0.085607
1533 0.085535
1534 0.085463
1535 0.085390
1536 0.085317
1537 0.085243
1538 0.085170
1539 0.085095
1540 0.085020
1541 0.084945
1542 0.084869
1543 0.084793
1544 0.084717
1545 0.084640
1546 0.084563
1547 0.084485
1548 0.084406
1549 0.084328
1550 0.084248
1551 0.084169
1552 0.084088
1553 0.084008
1554 0.083926
1555 0.083845
1556 0.083762
1557 0.083679
1558 0.083596
1559 0.083512
1560 0.083428
1561 0.083342
1562 0.083257
1563 0.083171
1564 0.083084
1565 0.082996
1566 0.082908
1567 0.082820
1568 0.082730
1569 0.082641
1570 0.082550
1571 0.082459
1572 0.082367
1573 0.082274
1574 0.082181
1575 0.082087
1576 0.081993
1577 0.081897
1578 0.081801
1579 0.081704
1580 0.081607
1581 0.081508
1582 0.081409
1583 0.081309
1584 0.081209
1585 0.081107
1586 0.081005
1587 0.080902
1588 0.080798
1589 0.080693
1590 0.080587
1591 0.080481
1592 0.080373
1593 0.080265
1594 0.080155
1595 0.080045
1596 0.079934
1597 0.079822
1598 0.079708
1599 0.079594
1600 0.079479
1601 0.079363
1602 0.079245
1603 0.079127
1604 0.079008
1605 0.078887
1606 0.078766
1607 0.078643
1608 0.078519
1609 0.078394
1610 0.078268
1611 0.078140
1612 0.078012
1613 0.077882
1614 0.077751
1615 0.077619
1616 0.077485
1617 0.077350
1618 0.077214
1619 0.077076
1620 0.076938
1621 0.076797
1622 0.076656
1623 0.076513
1624 0.076368
1625 0.076222
1626 0.076075
1627 0.075926
1628 0.075776
1629 0.075624
1630 0.075470
1631 0.075315
1632 0.075159
1633 0.075001
1634 0.074841
1635 0.074680
1636 0.074517
1637 0.074352
1638 0.074186
1639 0.074018
1640 0.073848
1641 0.073676
1642 0.073503
1643 0.073328
1644 0.073151
1645 0.072973
1646 0.072793
1647 0.072610
1648 0.072426
1649 0.072241
1650 0.072053
1651 0.071863
1652 0.071672
1653 0.071479
1654 0.071283
1655 0.071086
1656 0.070887
1657 0.070686
1658 0.070483
1659 0.070279
1660 0.070072
1661 0.069863
1662 0.069653
1663 0.069440
1664 0.069225
1665 0.069009
1666 0.068791
1667 0.068570
1668 0.068348
1669 0.068124
1670 0.067897
1671 0.067669
1672 0.067439
1673 0.067207
1674 0.066973
1675 0.066737
1676 0.066499
1677 0.066260
1678 0.066018
1679 0.065775
1680 0.065530
1681 0.065283
1682 0.065034
1683 0.064783
1684 0.064531
1685 0.064277
1686 0.064021
1687 0.063763
1688 0.063503
1689 0.063242
1690 0.062980
1691 0.062715
1692 0.062449
1693 0.062182
1694 0.061912
1695 0.061642
1696 0.061370
1697 0.061096
1698 0.060821
1699 0.060544
1700 0.060266
1701 0.059987
1702 0.059706
1703 0.059424
1704 0.059141
1705 0.058856
1706 0.058571
1707 0.058284
1708 0.057996
1709 0.057707
1710 0.057417
1711 0.057126
1712 0.056833
1713 0.056540
1714 0.056246
1715 0.055951
1716 0.055655
1717 0.055359
1718 0.055062
1719 0.054763
1720 0.054465
1721 0.054165
1722 0.053865
1723 0.053565
1724 0.053263
1725 0.052962
1726 0.052660
1727 0.052357
1728 0.052054
1729 0.051751
1730 0.051448
1731 0.051144
1732 0.050840
1733 0.050536
1734 0.050232
1735 0.049928
1736 0.049623
1737 0.049319
1738 0.049015
1739 0.048710
1740 0.048406
1741 0.048102
1742 0.047799
1743 0.047495
1744 0.047192
1745 0.046889
1746 0.046587
1747 0.046285
1748 0.045983
1749 0.045682
1750 0.045381
1751 0.045081
1752 0.044782
1753 0.044483
1754 0.044185
1755 0.043887
1756 0.043591
1757 0.043295
1758 0.043000
1759 0.042706
1760 0.042412
1761 0.042120
1762 0.041828
1763 0.041538
1764 0.041249
1765 0.040960
1766 0.040673
1767 0.040387
1768 0.040102
1769 0.039818
1770 0.039535
1771 0.039254
1772 0.038974
1773 0.038695
1774 0.038417
1775 0.038141
1776 0.037866
1777 0.037593
1778 0.037320
1779 0.037050
1780 0.036780
1781 0.036513
1782 0.036246
1783 0.035982
1784 0.035718
1785 0.035457
1786 0.035196
1787 0.034938
1788 0.034681
1789 0.034425
1790 0.034171
1791 0.033919
1792 0.033669
1793 0.033420
1794 0.033172
1795 0.032927
1796 0.032683
1797 0.032441
1798 0.032200
1799 0.031961
1800 0.031724
1801 0.031489
1802 0.031255
1803 0.031023
1804 0.030792
1805 0.030564
1806 0.030337
1807 0.030112
1808 0.029888
1809 0.029667
1810 0.029447
1811 0.029229
1812 0.029012
1813 0.028797
1814 0.028584
1815 0.028373
1816 0.028163
1817 0.027955
1818 0.027749
1819 0.027545
1820 0.027342
1821 0.027141
1822 0.026942
1823 0.026744
1824 0.026548
1825 0.026354
1826 0.026161
1827 0.025970
1828 0.025781
1829 0.025593
1830 0.025407
1831 0.025223
1832 0.025040
1833 0.024859
1834 0.024679
1835 0.024501
1836 0.024325
1837 0.024150
1838 0.023977
1839 0.023805
1840 0.023635
1841 0.023467
1842 0.023300
1843 0.023134
1844 0.022970
1845 0.022808
1846 0.022647
1847 0.022487
1848 0.022329
1849 0.022173
1850 0.022018
1851 0.021864
1852 0.021712
1853 0.021561
1854 0.021411
1855 0.021263
1856 0.021117
1857 0.020971
1858 0.020827
1859 0.020685
1860 0.020543
1861 0.020403
1862 0.020265
1863 0.020127
1864 0.019991
1865 0.019856
1866 0.019723
1867 0.019591
1868 0.019459
1869 0.019330
1870 0.019201
1871 0.019074
1872 0.018947
1873 0.018822
1874 0.018698
1875 0.018576
1876 0.018454
1877 0.018334
1878 0.018215
1879 0.018096
1880 0.017979
1881 0.017863
1882 0.017748
1883 0.017635
1884 0.017522
1885 0.017410
1886 0.017299
1887 0.017190
1888 0.017081
1889 0.016974
1890 0.016867
1891 0.016761
1892 0.016657
1893 0.016553
1894 0.016450
1895 0.016349
1896 0.016248
1897 0.016148
1898 0.016049
1899 0.015951
1900 0.015854
1901 0.015757
1902 0.015662
1903 0.015568
1904 0.015474
1905 0.015381
1906 0.015289
1907 0.015198
1908 0.015108
1909 0.015018
1910 0.014930
1911 0.014842
1912 0.014755
1913 0.014668
1914 0.014583
1915 0.014498
1916 0.014414
1917 0.014331
1918 0.014249
1919 0.014167
1920 0.014086
1921 0.014006
1922 0.013926
1923 0.013847
1924 0.013769
1925 0.013691
1926 0.013615
1927 0.013538
1928 0.013463
1929 0.013388
1930 0.013314
1931 0.013241
1932 0.013168
1933 0.013095
1934 0.013024
1935 0.012953
1936 0.012883
1937 0.012813
1938 0.012744
1939 0.012675
1940 0.012607
1941 0.012540
1942 0.012473
1943 0.012407
1944 0.012341
1945 0.012276
1946 0.012211
1947 0.012147
1948 0.012084
1949 0.012021
1950 0.011958
1951 0.011896
1952 0.011835
1953 0.011774
1954 0.011714
1955 0.011654
1956 0.011594
1957 0.011536
1958 0.011477
1959 0.011419
1960 0.011362
1961 0.011305
1962 0.011248
1963 0.011192
1964 0.011137
1965 0.011081
1966 0.011027
1967 0.010973
1968 0.010919
1969 0.010865
1970 0.010812
1971 0.010760
1972 0.010708
1973 0.010656
1974 0.010605
1975 0.010554
1976 0.010503
1977 0.010453
1978 0.010404
1979 0.010354
1980 0.010305
1981 0.010257
1982 0.010209
1983 0.010161
1984 0.010113
1985 0.010066
1986 0.010020
1987 0.009973
